[[1832578915129542928223111105224793904171498881697892132662779361281909624836641299501792966553998033995787924391577796969 0 0 0 0 0 0 0 0 0 0 0 0 0 0 0 0 0 0 0 0 0 0 0 0 0 0 0 0 0 0 0 0 0 0 0 0 0 0 0]
[690572054013674241080215793047948312158865213464469592791842499269519511144760009439151914367822190377592287062256844077 1 0 0 0 0 0 0 0 0 0 0 0 0 0 0 0 0 0 0 0 0 0 0 0 0 0 0 0 0 0 0 0 0 0 0 0 0 0 0]
[788250838457146384098182707863544883206361103957375373015378697431540057881540722573534558829712675585070106644554692018 0 1 0 0 0 0 0 0 0 0 0 0 0 0 0 0 0 0 0 0 0 0 0 0 0 0 0 0 0 0 0 0 0 0 0 0 0 0 0]
[1218262797807152090084589452141904245547707398454962251674946180931357974400110951013757866823457968132931330510707685311 0 0 1 0 0 0 0 0 0 0 0 0 0 0 0 0 0 0 0 0 0 0 0 0 0 0 0 0 0 0 0 0 0 0 0 0 0 0 0]
[900063195553154609501941815565850752919800753615121315813725581568431566089617383449973469857999798217009191067798712518 0 0 0 1 0 0 0 0 0 0 0 0 0 0 0 0 0 0 0 0 0 0 0 0 0 0 0 0 0 0 0 0 0 0 0 0 0 0 0]
[90758971848833719489821675692178659603930293586321890550377621530734400463032441932036472494205655598010709744830960613 0 0 0 0 1 0 0 0 0 0 0 0 0 0 0 0 0 0 0 0 0 0 0 0 0 0 0 0 0 0 0 0 0 0 0 0 0 0 0]
[603979795604078012097221259109564739990117900972233880476161041691399952424408184655866833909343378400508760768051864143 0 0 0 0 0 1 0 0 0 0 0 0 0 0 0 0 0 0 0 0 0 0 0 0 0 0 0 0 0 0 0 0 0 0 0 0 0 0 0]
[1739329928632876601168543978278073090063239310840109418616586725510103720491573565561907822769671763675443141940537125201 0 0 0 0 0 0 1 0 0 0 0 0 0 0 0 0 0 0 0 0 0 0 0 0 0 0 0 0 0 0 0 0 0 0 0 0 0 0 0]
[1359269850804417158818866148234096032914053728418132517020115403575476394828568717129753803077414686110222836979234049280 0 0 0 0 0 0 0 1 0 0 0 0 0 0 0 0 0 0 0 0 0 0 0 0 0 0 0 0 0 0 0 0 0 0 0 0 0 0 0]
[1738132257259694333033940886658334557730227983871727948613047238495207468017735726833257735431431121753068273960114281102 0 0 0 0 0 0 0 0 1 0 0 0 0 0 0 0 0 0 0 0 0 0 0 0 0 0 0 0 0 0 0 0 0 0 0 0 0 0 0]
[904032523977607602143409054516928632861759636204504986561427076452328734894500391972536207458518156700092912820223445813 0 0 0 0 0 0 0 0 0 1 0 0 0 0 0 0 0 0 0 0 0 0 0 0 0 0 0 0 0 0 0 0 0 0 0 0 0 0 0]
[1325611131023409171809961582211572596161456633677445179944061987907877223301910395557511553882766960744648162942636908893 0 0 0 0 0 0 0 0 0 0 1 0 0 0 0 0 0 0 0 0 0 0 0 0 0 0 0 0 0 0 0 0 0 0 0 0 0 0 0]
[19830671629580382687504646108085310963343877963131822884560381677132225368801977021889513979847062734253353850832422885 0 0 0 0 0 0 0 0 0 0 0 1 0 0 0 0 0 0 0 0 0 0 0 0 0 0 0 0 0 0 0 0 0 0 0 0 0 0 0]
[1720876718999138676900979138214153791209447986219380727304691211278856735216970020956498319137938751457293552543782676057 0 0 0 0 0 0 0 0 0 0 0 0 1 0 0 0 0 0 0 0 0 0 0 0 0 0 0 0 0 0 0 0 0 0 0 0 0 0 0]
[25000868798859728229683047368707979553398787316340834087589136534272964212379849672534201528298481922565406499479618052 0 0 0 0 0 0 0 0 0 0 0 0 0 1 0 0 0 0 0 0 0 0 0 0 0 0 0 0 0 0 0 0 0 0 0 0 0 0 0]
[1218600836485904012359760209713269621937773615162985895078254015405895756809774437346804731777612441641387777326398995152 0 0 0 0 0 0 0 0 0 0 0 0 0 0 1 0 0 0 0 0 0 0 0 0 0 0 0 0 0 0 0 0 0 0 0 0 0 0 0]
[397715676035077080820629999381400807013170901102010147442699698187359767933753568951866673162079455864885094446665351383 0 0 0 0 0 0 0 0 0 0 0 0 0 0 0 1 0 0 0 0 0 0 0 0 0 0 0 0 0 0 0 0 0 0 0 0 0 0 0]
[1794176914825585663965895955949991752786319792999477451359592051513038360451129545917960253983923531601209112759718432228 0 0 0 0 0 0 0 0 0 0 0 0 0 0 0 0 1 0 0 0 0 0 0 0 0 0 0 0 0 0 0 0 0 0 0 0 0 0 0]
[1644432846252378737535831552566040641722679266775197869477734665822921993134413729584702147982251754536766487701867440921 0 0 0 0 0 0 0 0 0 0 0 0 0 0 0 0 0 1 0 0 0 0 0 0 0 0 0 0 0 0 0 0 0 0 0 0 0 0 0]
[125989938418386563890359650347657136290325982636691099019600432801303403114931346547511923581375074300386442194507027448 0 0 0 0 0 0 0 0 0 0 0 0 0 0 0 0 0 0 1 0 0 0 0 0 0 0 0 0 0 0 0 0 0 0 0 0 0 0 0]
[1644762291465364978513682905526890617376418892775392209834154060418294868369031908989679760496842125377042574006363691745 0 0 0 0 0 0 0 0 0 0 0 0 0 0 0 0 0 0 0 1 0 0 0 0 0 0 0 0 0 0 0 0 0 0 0 0 0 0 0]
[62303551568482078341870684836994985295281215116944923657239107063315028863999758985968289295797142438750958532752928974 0 0 0 0 0 0 0 0 0 0 0 0 0 0 0 0 0 0 0 0 1 0 0 0 0 0 0 0 0 0 0 0 0 0 0 0 0 0 0]
[1766251282614924382312273291407736591317321285615471574961928237133553812094731307310401729383583178751194506495277280814 0 0 0 0 0 0 0 0 0 0 0 0 0 0 0 0 0 0 0 0 0 1 0 0 0 0 0 0 0 0 0 0 0 0 0 0 0 0 0]
[1351378600667860009465483065212364252379565544126967052009588664817589187518326786944530024707938434276495879931946793310 0 0 0 0 0 0 0 0 0 0 0 0 0 0 0 0 0 0 0 0 0 0 1 0 0 0 0 0 0 0 0 0 0 0 0 0 0 0 0]
[236420645872926578131109792226680568768378339712986485502838707551815147195672463193397006488088229389739294014636356384 0 0 0 0 0 0 0 0 0 0 0 0 0 0 0 0 0 0 0 0 0 0 0 1 0 0 0 0 0 0 0 0 0 0 0 0 0 0 0]
[844441937477580417780569993866743498907330343380272541260849961887619273948124461593978655918325480339088569448188786298 0 0 0 0 0 0 0 0 0 0 0 0 0 0 0 0 0 0 0 0 0 0 0 0 1 0 0 0 0 0 0 0 0 0 0 0 0 0 0]
[420311293380832658195321657651608050048352417585715410448495741148088360099429369188809120842106086638124430767215236606 0 0 0 0 0 0 0 0 0 0 0 0 0 0 0 0 0 0 0 0 0 0 0 0 0 1 0 0 0 0 0 0 0 0 0 0 0 0 0]
[1304885588834077850617835993765584300707736191502721105673497672876148219475934743633423921271573334341473679019859135634 0 0 0 0 0 0 0 0 0 0 0 0 0 0 0 0 0 0 0 0 0 0 0 0 0 0 1 0 0 0 0 0 0 0 0 0 0 0 0]
[1288448706327084069716986008933083813893340789077051213368727393905998829378510871848782066337332557460125004734524758780 0 0 0 0 0 0 0 0 0 0 0 0 0 0 0 0 0 0 0 0 0 0 0 0 0 0 0 1 0 0 0 0 0 0 0 0 0 0 0]
[79038954306926521280577858287604795290278782192655852258742267141922532702154268046498156460184853524602080847579986270 0 0 0 0 0 0 0 0 0 0 0 0 0 0 0 0 0 0 0 0 0 0 0 0 0 0 0 0 1 0 0 0 0 0 0 0 0 0 0]
[667186221919620866848280712689762112570785254101001960823517563171643259934609069454234044438909203524565245453370005479 0 0 0 0 0 0 0 0 0 0 0 0 0 0 0 0 0 0 0 0 0 0 0 0 0 0 0 0 0 1 0 0 0 0 0 0 0 0 0]
[314151797486568835668406113533571345884157247995734669138167958481471128404107479301378377264872409063367074025557186566 0 0 0 0 0 0 0 0 0 0 0 0 0 0 0 0 0 0 0 0 0 0 0 0 0 0 0 0 0 0 1 0 0 0 0 0 0 0 0]
[1481492233378976221116320073132322453229039322626120506621452142201232754644843155751764384028986200411422840322287910138 0 0 0 0 0 0 0 0 0 0 0 0 0 0 0 0 0 0 0 0 0 0 0 0 0 0 0 0 0 0 0 1 0 0 0 0 0 0 0]
[298042396666435693926902999072404251229128504061671111602796283691440243301471294291552574117061274376133905605111435392 0 0 0 0 0 0 0 0 0 0 0 0 0 0 0 0 0 0 0 0 0 0 0 0 0 0 0 0 0 0 0 0 1 0 0 0 0 0 0]
[1740463830703391588863555774659677613018902075852652875482846230471974437997309303878738632054460430663451053733418633416 0 0 0 0 0 0 0 0 0 0 0 0 0 0 0 0 0 0 0 0 0 0 0 0 0 0 0 0 0 0 0 0 0 1 0 0 0 0 0]
[1171702083556315810667928538867556621813057358031176354706621683657204141589813494405317455046432516277107662872976887062 0 0 0 0 0 0 0 0 0 0 0 0 0 0 0 0 0 0 0 0 0 0 0 0 0 0 0 0 0 0 0 0 0 0 1 0 0 0 0]
[378158965415742151465614144637459840706750878288049779988026420699875056252105300303938630191182424462762155538223141362 0 0 0 0 0 0 0 0 0 0 0 0 0 0 0 0 0 0 0 0 0 0 0 0 0 0 0 0 0 0 0 0 0 0 0 1 0 0 0]
[1210482267939441949952635916946097460896050192912626717135792886875857607160045612733775788934452276495169524908047040778 0 0 0 0 0 0 0 0 0 0 0 0 0 0 0 0 0 0 0 0 0 0 0 0 0 0 0 0 0 0 0 0 0 0 0 0 1 0 0]
[423749721343119079516328328985298141277770866689298556216402661960614885727392138854758556160914948461305861057660594134 0 0 0 0 0 0 0 0 0 0 0 0 0 0 0 0 0 0 0 0 0 0 0 0 0 0 0 0 0 0 0 0 0 0 0 0 0 1 0]
[1242835852405362337079556610684997698853006912809135256216924617254433325704361713314046849088658501493760545819993011945 0 0 0 0 0 0 0 0 0 0 0 0 0 0 0 0 0 0 0 0 0 0 0 0 0 0 0 0 0 0 0 0 0 0 0 0 0 0 1]
]
40 82 0
[1 -1 1 -1 1 -1 1 -1 1 -1 1 -1 1 -1 1 -1 1 -1 1 -1 1 -1 1 -1 1 -1 1 -1 1 -1 1 -1 1 -1 1 -1 1 -1 1 -1 1]
