[[2580260736092716337240110991335793151356156551730198898399132259347935327310222003127155871958791614465013863564602097945672216777687741843900191 0 0 0 0 0 0 0 0 0 0 0 0 0 0 0 0 0 0 0 0 0 0 0 0 0 0 0 0 0 0 0 0 0 0 0 0 0 0 0 0 0 0 0 0 0 0 0]
[163067651197434013935387916547300522403914376812183909821980199035905727369808140413062331387277474711457062325593025215455750672253402772013195 1 0 0 0 0 0 0 0 0 0 0 0 0 0 0 0 0 0 0 0 0 0 0 0 0 0 0 0 0 0 0 0 0 0 0 0 0 0 0 0 0 0 0 0 0 0 0]
[25059974785594995134843958263248894825012071166853551249300883593015838019774395508457744452664410798243071917173852433161027432114113565475955 0 1 0 0 0 0 0 0 0 0 0 0 0 0 0 0 0 0 0 0 0 0 0 0 0 0 0 0 0 0 0 0 0 0 0 0 0 0 0 0 0 0 0 0 0 0 0]
[1703387185537590483668458049724924739648992504778264490739950732745621746036759383771682091467068506961460243008318655654659984393402680803820531 0 0 1 0 0 0 0 0 0 0 0 0 0 0 0 0 0 0 0 0 0 0 0 0 0 0 0 0 0 0 0 0 0 0 0 0 0 0 0 0 0 0 0 0 0 0 0]
[1292531823750643198948379458231564508157209778414651568800500534393575798490388962763340184125911570073102338479324148609396648510619994220720261 0 0 0 1 0 0 0 0 0 0 0 0 0 0 0 0 0 0 0 0 0 0 0 0 0 0 0 0 0 0 0 0 0 0 0 0 0 0 0 0 0 0 0 0 0 0 0]
[2521248114384407547252095776993686803625518439461780366263895434136125848026611466891195463975875506999012578526762140671005903521740776092625742 0 0 0 0 1 0 0 0 0 0 0 0 0 0 0 0 0 0 0 0 0 0 0 0 0 0 0 0 0 0 0 0 0 0 0 0 0 0 0 0 0 0 0 0 0 0 0]
[1650911571146882002537978215039320379833476666402575481737927193226463155095635785505131500797854722179315062369322420402790552365619731723499758 0 0 0 0 0 1 0 0 0 0 0 0 0 0 0 0 0 0 0 0 0 0 0 0 0 0 0 0 0 0 0 0 0 0 0 0 0 0 0 0 0 0 0 0 0 0 0]
[497941800003182810684239573521397445322319544973616282305645884988436434051643825820383414769467320797816903175741951291672095985101316922881182 0 0 0 0 0 0 1 0 0 0 0 0 0 0 0 0 0 0 0 0 0 0 0 0 0 0 0 0 0 0 0 0 0 0 0 0 0 0 0 0 0 0 0 0 0 0 0]
[1560864574901706496002297436469732367291879208559784389410771104592590821410546894531432904886455793357731561869110554977377694686603766578355216 0 0 0 0 0 0 0 1 0 0 0 0 0 0 0 0 0 0 0 0 0 0 0 0 0 0 0 0 0 0 0 0 0 0 0 0 0 0 0 0 0 0 0 0 0 0 0]
[446017417846289097946455758184034347255571368989618071829671557961622995303259854258552507279500914733261720136283207668920221564210290011606008 0 0 0 0 0 0 0 0 1 0 0 0 0 0 0 0 0 0 0 0 0 0 0 0 0 0 0 0 0 0 0 0 0 0 0 0 0 0 0 0 0 0 0 0 0 0 0]
[2329599238799652465281181722453274996173017055615085023013764507726336654838560435151074937084815635649961123091244881167445739842342698160663488 0 0 0 0 0 0 0 0 0 1 0 0 0 0 0 0 0 0 0 0 0 0 0 0 0 0 0 0 0 0 0 0 0 0 0 0 0 0 0 0 0 0 0 0 0 0 0]
[233544971798065347932811886779750579210642269105251647502099570837118621953456072106358459482387674716553101617927640586994013150005410323679668 0 0 0 0 0 0 0 0 0 0 1 0 0 0 0 0 0 0 0 0 0 0 0 0 0 0 0 0 0 0 0 0 0 0 0 0 0 0 0 0 0 0 0 0 0 0 0]
[311893400380506422999579845352449763646023472394397424493590778169853237982602106203132930777764078881895081151075287089176549564600824594952084 0 0 0 0 0 0 0 0 0 0 0 1 0 0 0 0 0 0 0 0 0 0 0 0 0 0 0 0 0 0 0 0 0 0 0 0 0 0 0 0 0 0 0 0 0 0 0]
[2580054655490867639518546383495008468914065724415692130945818526790019701432552299493300560131694390574887019763928820018873612496265854505290452 0 0 0 0 0 0 0 0 0 0 0 0 1 0 0 0 0 0 0 0 0 0 0 0 0 0 0 0 0 0 0 0 0 0 0 0 0 0 0 0 0 0 0 0 0 0 0]
[751189795609071072649778894401928824516621126921342617050705415936317517752209907869749770497889212538305196080996312250971355921762960236911173 0 0 0 0 0 0 0 0 0 0 0 0 0 1 0 0 0 0 0 0 0 0 0 0 0 0 0 0 0 0 0 0 0 0 0 0 0 0 0 0 0 0 0 0 0 0 0]
[1337540864885014782176110668096781932048925784121449954298639291340181661880783332239023936109846697815026494900267007351582846425657210798773055 0 0 0 0 0 0 0 0 0 0 0 0 0 0 1 0 0 0 0 0 0 0 0 0 0 0 0 0 0 0 0 0 0 0 0 0 0 0 0 0 0 0 0 0 0 0 0]
[2530799948375296582158721852264515532329163572067823111275608983065957062998215773029240513840239958209461814260720364168499382944261669127690388 0 0 0 0 0 0 0 0 0 0 0 0 0 0 0 1 0 0 0 0 0 0 0 0 0 0 0 0 0 0 0 0 0 0 0 0 0 0 0 0 0 0 0 0 0 0 0]
[970717847457003709572674464161386779804605906148750136395584597151529416925708299535954558615200849402615383963512894854375639160800585717331378 0 0 0 0 0 0 0 0 0 0 0 0 0 0 0 0 1 0 0 0 0 0 0 0 0 0 0 0 0 0 0 0 0 0 0 0 0 0 0 0 0 0 0 0 0 0 0]
[1126410167594897390911538005346926660755491574665322424097270230197445144811947291849717076356432576619881156385676502621309480652158906264876206 0 0 0 0 0 0 0 0 0 0 0 0 0 0 0 0 0 1 0 0 0 0 0 0 0 0 0 0 0 0 0 0 0 0 0 0 0 0 0 0 0 0 0 0 0 0 0]
[1200687278371604402870559191550360975037122052377743414081794129955369704015557538214545144176805220742192179011239507525361394778941478916974711 0 0 0 0 0 0 0 0 0 0 0 0 0 0 0 0 0 0 1 0 0 0 0 0 0 0 0 0 0 0 0 0 0 0 0 0 0 0 0 0 0 0 0 0 0 0 0]
[612636739537987760620938082177890680268615596909176264958986861763749238678012517971205437248065890335454539717923204462258981446274929011235216 0 0 0 0 0 0 0 0 0 0 0 0 0 0 0 0 0 0 0 1 0 0 0 0 0 0 0 0 0 0 0 0 0 0 0 0 0 0 0 0 0 0 0 0 0 0 0]
[100715891815893187356507845488450911126305324392387325871145324294917423206586615617168294989172918959369468172798559674990841968029890953790146 0 0 0 0 0 0 0 0 0 0 0 0 0 0 0 0 0 0 0 0 1 0 0 0 0 0 0 0 0 0 0 0 0 0 0 0 0 0 0 0 0 0 0 0 0 0 0]
[35795409546474101204162700857147236978503250548440278755880536119172225312938143330208065071091593996654881384523784666208258219912484870153937 0 0 0 0 0 0 0 0 0 0 0 0 0 0 0 0 0 0 0 0 0 1 0 0 0 0 0 0 0 0 0 0 0 0 0 0 0 0 0 0 0 0 0 0 0 0 0]
[982950434667360379286063418532279070334910418692263668480636211673341028708961344375308646130032063370814492506319223631371114114670637572603684 0 0 0 0 0 0 0 0 0 0 0 0 0 0 0 0 0 0 0 0 0 0 1 0 0 0 0 0 0 0 0 0 0 0 0 0 0 0 0 0 0 0 0 0 0 0 0]
[1410788885570580025577587376333543692920754698620224146239298250901245110711945263498094604825278091417700956952622429010832609591983641898980529 0 0 0 0 0 0 0 0 0 0 0 0 0 0 0 0 0 0 0 0 0 0 0 1 0 0 0 0 0 0 0 0 0 0 0 0 0 0 0 0 0 0 0 0 0 0 0]
[278062355815175080439683636820227779824311067112130470446927632351269092864320462686462091871279256237726339826030186617444435372809741350110214 0 0 0 0 0 0 0 0 0 0 0 0 0 0 0 0 0 0 0 0 0 0 0 0 1 0 0 0 0 0 0 0 0 0 0 0 0 0 0 0 0 0 0 0 0 0 0]
[222795435693208876874647702043087890439582902692852237280830373372970947621578539412984987348344420957870244409984997982474359918438758700664750 0 0 0 0 0 0 0 0 0 0 0 0 0 0 0 0 0 0 0 0 0 0 0 0 0 1 0 0 0 0 0 0 0 0 0 0 0 0 0 0 0 0 0 0 0 0 0]
[243965709889571426670518180518676264686614272434237799556064819629042286968185407622245129642742070952188631183681898167934671611515821726432694 0 0 0 0 0 0 0 0 0 0 0 0 0 0 0 0 0 0 0 0 0 0 0 0 0 0 1 0 0 0 0 0 0 0 0 0 0 0 0 0 0 0 0 0 0 0 0]
[469520366481822029053674875104159742313953074724483640367828520924880790425272871473592961620540562382165929007213602195936148798288024343371645 0 0 0 0 0 0 0 0 0 0 0 0 0 0 0 0 0 0 0 0 0 0 0 0 0 0 0 1 0 0 0 0 0 0 0 0 0 0 0 0 0 0 0 0 0 0 0]
[409742751515241026756620376380154534915984304928160118325138825084235983898727993649314958109542688181646763434985309240696934656895611865397652 0 0 0 0 0 0 0 0 0 0 0 0 0 0 0 0 0 0 0 0 0 0 0 0 0 0 0 0 1 0 0 0 0 0 0 0 0 0 0 0 0 0 0 0 0 0 0]
[2189545958530742133070663296729866820246394135581510357492626644701250535395407174728140227456525887501069309253135553202541156838537938898242928 0 0 0 0 0 0 0 0 0 0 0 0 0 0 0 0 0 0 0 0 0 0 0 0 0 0 0 0 0 1 0 0 0 0 0 0 0 0 0 0 0 0 0 0 0 0 0]
[2487719485414333097762754453708238159800715102833046805587365188015472731030824237436936945387136435739886896688714734982051242346884219936914954 0 0 0 0 0 0 0 0 0 0 0 0 0 0 0 0 0 0 0 0 0 0 0 0 0 0 0 0 0 0 1 0 0 0 0 0 0 0 0 0 0 0 0 0 0 0 0]
[1270115833791977254176869548304892389995648382095028569277558228494521346582746589507503302752105053432614961342473563210256657031345942829579554 0 0 0 0 0 0 0 0 0 0 0 0 0 0 0 0 0 0 0 0 0 0 0 0 0 0 0 0 0 0 0 1 0 0 0 0 0 0 0 0 0 0 0 0 0 0 0]
[1353177015654343378297801537165298454974025584668918468812676219555858000742973102605198727101031484804456043245087269158142678021429713468553268 0 0 0 0 0 0 0 0 0 0 0 0 0 0 0 0 0 0 0 0 0 0 0 0 0 0 0 0 0 0 0 0 1 0 0 0 0 0 0 0 0 0 0 0 0 0 0]
[302290668445542796633312107347466443309676446151063826784308219591405129345455879806027359479746248536352249979956043832118743711861445212437882 0 0 0 0 0 0 0 0 0 0 0 0 0 0 0 0 0 0 0 0 0 0 0 0 0 0 0 0 0 0 0 0 0 1 0 0 0 0 0 0 0 0 0 0 0 0 0]
[2488523804888696431307220245355775919055584326312815192114552501021765770296938527363359064159338663267862506600928772301646857282998173781584008 0 0 0 0 0 0 0 0 0 0 0 0 0 0 0 0 0 0 0 0 0 0 0 0 0 0 0 0 0 0 0 0 0 0 1 0 0 0 0 0 0 0 0 0 0 0 0]
[1833245419760836698121511644904141518193609335625825365143158182159150905891158792559012152904151899396910444962524415540130100436617938054695754 0 0 0 0 0 0 0 0 0 0 0 0 0 0 0 0 0 0 0 0 0 0 0 0 0 0 0 0 0 0 0 0 0 0 0 1 0 0 0 0 0 0 0 0 0 0 0]
[1080899085466496181314822658341428567902396171916475074272293139277391868493363951871087690968106993162641375083371015533230831472880809393294172 0 0 0 0 0 0 0 0 0 0 0 0 0 0 0 0 0 0 0 0 0 0 0 0 0 0 0 0 0 0 0 0 0 0 0 0 1 0 0 0 0 0 0 0 0 0 0]
[732272048564972899471014485453754988840964459469778806869221562553702381329623648717522819048197144743698563707899209987401540290911862307468818 0 0 0 0 0 0 0 0 0 0 0 0 0 0 0 0 0 0 0 0 0 0 0 0 0 0 0 0 0 0 0 0 0 0 0 0 0 1 0 0 0 0 0 0 0 0 0]
[833654621110061363564389393476154570855788186931368318203367996232328742294712793286598256849460443923186568986560968610746988921273225080620718 0 0 0 0 0 0 0 0 0 0 0 0 0 0 0 0 0 0 0 0 0 0 0 0 0 0 0 0 0 0 0 0 0 0 0 0 0 0 1 0 0 0 0 0 0 0 0]
[1163451361584862176044933218655858490253882219675766774252298436599796637957745472560241885427228233625210464910008479517626675429461768652929609 0 0 0 0 0 0 0 0 0 0 0 0 0 0 0 0 0 0 0 0 0 0 0 0 0 0 0 0 0 0 0 0 0 0 0 0 0 0 0 1 0 0 0 0 0 0 0]
[1532504280047689323466688606269957941577634609225824537273047201265606097170283748771687845381823418807114488411264765386985158879211602869470536 0 0 0 0 0 0 0 0 0 0 0 0 0 0 0 0 0 0 0 0 0 0 0 0 0 0 0 0 0 0 0 0 0 0 0 0 0 0 0 0 1 0 0 0 0 0 0]
[1267759815937528803559325678468785944419374752768633584029120575683894909721896770231902887796733466415598826692945445464013145192768501205235704 0 0 0 0 0 0 0 0 0 0 0 0 0 0 0 0 0 0 0 0 0 0 0 0 0 0 0 0 0 0 0 0 0 0 0 0 0 0 0 0 0 1 0 0 0 0 0]
[9035607605637463733066166024486048083518226577237933935610043128927769106766022115146905444726428033339566252349755661345831406932990518912284 0 0 0 0 0 0 0 0 0 0 0 0 0 0 0 0 0 0 0 0 0 0 0 0 0 0 0 0 0 0 0 0 0 0 0 0 0 0 0 0 0 0 1 0 0 0 0]
[1606833007179155672737062515691347333006164905805792951056270171668859874920222858482869690778038067127274397897669295592076675907016840099831834 0 0 0 0 0 0 0 0 0 0 0 0 0 0 0 0 0 0 0 0 0 0 0 0 0 0 0 0 0 0 0 0 0 0 0 0 0 0 0 0 0 0 0 1 0 0 0]
[251763805221165048412722303679356676294486715360362582932432929583425576819242683432362038711109788258959236957028459526535149174458577321108249 0 0 0 0 0 0 0 0 0 0 0 0 0 0 0 0 0 0 0 0 0 0 0 0 0 0 0 0 0 0 0 0 0 0 0 0 0 0 0 0 0 0 0 0 1 0 0]
[1950222378044189393537898480582611606780471235155714460546228647070393104850487614861202890647463411768403996212445467030840835931614337756026986 0 0 0 0 0 0 0 0 0 0 0 0 0 0 0 0 0 0 0 0 0 0 0 0 0 0 0 0 0 0 0 0 0 0 0 0 0 0 0 0 0 0 0 0 0 1 0]
[2313621346295826346463602947144440598915569753123900694170828479249164860711533267004493237725466801126616328621550238104047136248644345974268186 0 0 0 0 0 0 0 0 0 0 0 0 0 0 0 0 0 0 0 0 0 0 0 0 0 0 0 0 0 0 0 0 0 0 0 0 0 0 0 0 0 0 0 0 0 0 1]
]
48 65 0
[1 -1 0 0 0 1 -1 0 0 0 1 -1 0 1 -1 1 -1 0 1 -1 1 -1 0 1 -1 1 0 -1 1 -1 1 0 -1 1 -1 1 0 -1 1 0 0 0 -1 1 0 0 0 -1 1]
