[[3353001562577810448581973311654337805817438388597264800030253644153621900136761336736223770849444457411667391956821898896990779765682332779702667763141063219 0 0 0 0 0 0 0 0 0 0 0 0 0 0 0 0 0 0 0 0 0 0 0 0 0 0 0 0 0 0 0 0 0 0 0 0 0 0 0 0 0 0 0 0 0 0 0 0 0 0 0]
[1030550175330448087369133013776287312481360963094933228890835375830958187554976266043271739781343915706676595968898190932102179880965618383086415536827196491 1 0 0 0 0 0 0 0 0 0 0 0 0 0 0 0 0 0 0 0 0 0 0 0 0 0 0 0 0 0 0 0 0 0 0 0 0 0 0 0 0 0 0 0 0 0 0 0 0 0 0]
[1629224954414045541383061774703823826486051948907530953627743021735994357304535420920676976326003375875056175406224095219199206348896645916881007183196239260 0 1 0 0 0 0 0 0 0 0 0 0 0 0 0 0 0 0 0 0 0 0 0 0 0 0 0 0 0 0 0 0 0 0 0 0 0 0 0 0 0 0 0 0 0 0 0 0 0 0 0]
[3020116054400983478742016647555472981538387375615441561140977876239932143962166544964717279470907819583087275579812755877656270253938281246288783759560588046 0 0 1 0 0 0 0 0 0 0 0 0 0 0 0 0 0 0 0 0 0 0 0 0 0 0 0 0 0 0 0 0 0 0 0 0 0 0 0 0 0 0 0 0 0 0 0 0 0 0 0]
[1652739659639119920564963854794909321152428258885076817608644118820599019415048193276535775198158400889157633987386261928208593557005344535843307543285550832 0 0 0 1 0 0 0 0 0 0 0 0 0 0 0 0 0 0 0 0 0 0 0 0 0 0 0 0 0 0 0 0 0 0 0 0 0 0 0 0 0 0 0 0 0 0 0 0 0 0 0]
[3135292297796175478472022826611136829847212363883573682622191108201085164346089204010010035070311783348593646107725308664096569681881940501862510465153395856 0 0 0 0 1 0 0 0 0 0 0 0 0 0 0 0 0 0 0 0 0 0 0 0 0 0 0 0 0 0 0 0 0 0 0 0 0 0 0 0 0 0 0 0 0 0 0 0 0 0 0]
[449878333508185297933083354652387208184869338673553593773007213617495574006422495890550839386885068758063511879756815940946972450800890408092381369038525378 0 0 0 0 0 1 0 0 0 0 0 0 0 0 0 0 0 0 0 0 0 0 0 0 0 0 0 0 0 0 0 0 0 0 0 0 0 0 0 0 0 0 0 0 0 0 0 0 0 0 0]
[2734842684425911455647457605177533357998449464487391016249719004015558413276289772108759054758036485653353852565170548672771045015409665697923242498208260216 0 0 0 0 0 0 1 0 0 0 0 0 0 0 0 0 0 0 0 0 0 0 0 0 0 0 0 0 0 0 0 0 0 0 0 0 0 0 0 0 0 0 0 0 0 0 0 0 0 0 0]
[1875012262038812421929695096148873886173422798889881481606940016165621260690311250302414505396184079234368866337477548385177492855825701573653493621569404761 0 0 0 0 0 0 0 1 0 0 0 0 0 0 0 0 0 0 0 0 0 0 0 0 0 0 0 0 0 0 0 0 0 0 0 0 0 0 0 0 0 0 0 0 0 0 0 0 0 0 0]
[2733885199578822855090597541275004409612259832414249845360788308410953673738331320303933275287455688731398999823104345982639931829250454467925279124884547889 0 0 0 0 0 0 0 0 1 0 0 0 0 0 0 0 0 0 0 0 0 0 0 0 0 0 0 0 0 0 0 0 0 0 0 0 0 0 0 0 0 0 0 0 0 0 0 0 0 0 0]
[1215085933085006106166710496529524367430969585079742619127761300438169038235417379797201540952305146171610956131722338984606495058710278280993093305599712259 0 0 0 0 0 0 0 0 0 1 0 0 0 0 0 0 0 0 0 0 0 0 0 0 0 0 0 0 0 0 0 0 0 0 0 0 0 0 0 0 0 0 0 0 0 0 0 0 0 0 0]
[219019459163717304512133562414651037048074100587745920115271044614581777801324304298020747935476741321804425031088034658801452407839034098354612734147024043 0 0 0 0 0 0 0 0 0 0 1 0 0 0 0 0 0 0 0 0 0 0 0 0 0 0 0 0 0 0 0 0 0 0 0 0 0 0 0 0 0 0 0 0 0 0 0 0 0 0 0]
[1292696216954194240620700371834665288670221121694390113826169939003211343867611827775705843930524966143306954429230595260875922397463512344413129752132735970 0 0 0 0 0 0 0 0 0 0 0 1 0 0 0 0 0 0 0 0 0 0 0 0 0 0 0 0 0 0 0 0 0 0 0 0 0 0 0 0 0 0 0 0 0 0 0 0 0 0 0]
[687789807122493494916069021842183900289260510076995928655856316229428049207180049716948687742867428381581841649721286400754953085954911118779055123298696073 0 0 0 0 0 0 0 0 0 0 0 0 1 0 0 0 0 0 0 0 0 0 0 0 0 0 0 0 0 0 0 0 0 0 0 0 0 0 0 0 0 0 0 0 0 0 0 0 0 0 0]
[2796696756469806829484298284932131454846762052573493909272034137848187830956705516402685086406346512199644644259599898702605179657779433100958577535288817368 0 0 0 0 0 0 0 0 0 0 0 0 0 1 0 0 0 0 0 0 0 0 0 0 0 0 0 0 0 0 0 0 0 0 0 0 0 0 0 0 0 0 0 0 0 0 0 0 0 0 0]
[2817245899945638585279269584936623079024532709418617942431385603797034303609344653725212378386540161351468741631706236618810259346213121403123647905786755420 0 0 0 0 0 0 0 0 0 0 0 0 0 0 1 0 0 0 0 0 0 0 0 0 0 0 0 0 0 0 0 0 0 0 0 0 0 0 0 0 0 0 0 0 0 0 0 0 0 0 0]
[243384943091211777045515752200096390463596826020402957316233041838267926447409061407461738707682396247513878233218286866428899298164596634351895588282595181 0 0 0 0 0 0 0 0 0 0 0 0 0 0 0 1 0 0 0 0 0 0 0 0 0 0 0 0 0 0 0 0 0 0 0 0 0 0 0 0 0 0 0 0 0 0 0 0 0 0 0]
[366360512914367122662882389730809829019558536856604977250819502841287673105415984495745662096022865972378908967989327473324126199159568262925901750289610197 0 0 0 0 0 0 0 0 0 0 0 0 0 0 0 0 1 0 0 0 0 0 0 0 0 0 0 0 0 0 0 0 0 0 0 0 0 0 0 0 0 0 0 0 0 0 0 0 0 0 0]
[1514027739997973581680099338192852735595101419654355077645511435903985121130811182381379063794847536239296439811569117682990482062362644826939434866926000081 0 0 0 0 0 0 0 0 0 0 0 0 0 0 0 0 0 1 0 0 0 0 0 0 0 0 0 0 0 0 0 0 0 0 0 0 0 0 0 0 0 0 0 0 0 0 0 0 0 0 0]
[2128641723864622557866130465901343773664666450733071514043403916864763853242975812248407029011415548387920264860663605678359867218787377995436096375981988905 0 0 0 0 0 0 0 0 0 0 0 0 0 0 0 0 0 0 1 0 0 0 0 0 0 0 0 0 0 0 0 0 0 0 0 0 0 0 0 0 0 0 0 0 0 0 0 0 0 0 0]
[3032616776860336657267599648213533491413514247235801208472653782371156836518048043065737224085426618654180482155375983571084143555419896911171992263139527170 0 0 0 0 0 0 0 0 0 0 0 0 0 0 0 0 0 0 0 1 0 0 0 0 0 0 0 0 0 0 0 0 0 0 0 0 0 0 0 0 0 0 0 0 0 0 0 0 0 0 0]
[1907642717981400073552651851462802003604039242343833322377008460902527398602569348858367883310338086886025116977705046411682990550731141852864226926698113936 0 0 0 0 0 0 0 0 0 0 0 0 0 0 0 0 0 0 0 0 1 0 0 0 0 0 0 0 0 0 0 0 0 0 0 0 0 0 0 0 0 0 0 0 0 0 0 0 0 0 0]
[3191735671538741204837339923106224295782316145842085026204705895318417506960211046558717368448661977670728243655615611937704049227288931847036826932590846017 0 0 0 0 0 0 0 0 0 0 0 0 0 0 0 0 0 0 0 0 0 1 0 0 0 0 0 0 0 0 0 0 0 0 0 0 0 0 0 0 0 0 0 0 0 0 0 0 0 0 0]
[3055484592204438120513382689691664153217415247713041815812199329815297688796768137461227584290322233326637485598736742282079511717134269788875061211070984660 0 0 0 0 0 0 0 0 0 0 0 0 0 0 0 0 0 0 0 0 0 0 1 0 0 0 0 0 0 0 0 0 0 0 0 0 0 0 0 0 0 0 0 0 0 0 0 0 0 0 0]
[2888968794579342310598990354614527699396235535430574988895097344061218414106065983667866228784571957444557565275413616314045728178583180327038187362316254690 0 0 0 0 0 0 0 0 0 0 0 0 0 0 0 0 0 0 0 0 0 0 0 1 0 0 0 0 0 0 0 0 0 0 0 0 0 0 0 0 0 0 0 0 0 0 0 0 0 0 0]
[1511395317235416445320633749908790485538781918714815003864021339291092383720434632339975330883521386347982195367670503528647120173885485111203443812691760045 0 0 0 0 0 0 0 0 0 0 0 0 0 0 0 0 0 0 0 0 0 0 0 0 1 0 0 0 0 0 0 0 0 0 0 0 0 0 0 0 0 0 0 0 0 0 0 0 0 0 0]
[1939703836045413345891865514534900364866853357284831546392877440254860882972004345309966916967108081840584071870052631927765442526928743591673544849276948897 0 0 0 0 0 0 0 0 0 0 0 0 0 0 0 0 0 0 0 0 0 0 0 0 0 1 0 0 0 0 0 0 0 0 0 0 0 0 0 0 0 0 0 0 0 0 0 0 0 0 0]
[2850843632881555907993362158938561136795919940584414051783565973238284429603937014726233945554597772438814262597131694923838825470585280992496899966041433812 0 0 0 0 0 0 0 0 0 0 0 0 0 0 0 0 0 0 0 0 0 0 0 0 0 0 1 0 0 0 0 0 0 0 0 0 0 0 0 0 0 0 0 0 0 0 0 0 0 0 0]
[1091201804966840866946655801490004959935337900583310232953065037046164745202321432291779982371963670050259156568805317241947824719369824083260121085137724102 0 0 0 0 0 0 0 0 0 0 0 0 0 0 0 0 0 0 0 0 0 0 0 0 0 0 0 1 0 0 0 0 0 0 0 0 0 0 0 0 0 0 0 0 0 0 0 0 0 0 0]
[2208298701329101556483126180249707092757688389047000131733787488371323236655405834090880709800828727614606319452745009976643682177177948605480325989367687573 0 0 0 0 0 0 0 0 0 0 0 0 0 0 0 0 0 0 0 0 0 0 0 0 0 0 0 0 1 0 0 0 0 0 0 0 0 0 0 0 0 0 0 0 0 0 0 0 0 0 0]
[1774838294070554644158045078503992211672540941844143830078450038117908837617175628063920144130738364989268705364946809759787209107636390737843411072029928317 0 0 0 0 0 0 0 0 0 0 0 0 0 0 0 0 0 0 0 0 0 0 0 0 0 0 0 0 0 1 0 0 0 0 0 0 0 0 0 0 0 0 0 0 0 0 0 0 0 0 0]
[3092573200679597193417130656275721994310702443914898426492738554017016778807928871486595207826004615882164422019969983941447055317049904293673778500487991367 0 0 0 0 0 0 0 0 0 0 0 0 0 0 0 0 0 0 0 0 0 0 0 0 0 0 0 0 0 0 1 0 0 0 0 0 0 0 0 0 0 0 0 0 0 0 0 0 0 0 0]
[543935328244662173396496353424684127359350079464723515369424260639308685726818007148554500022007153686483294120389696600601144804133855830861164426949713815 0 0 0 0 0 0 0 0 0 0 0 0 0 0 0 0 0 0 0 0 0 0 0 0 0 0 0 0 0 0 0 1 0 0 0 0 0 0 0 0 0 0 0 0 0 0 0 0 0 0 0]
[994618959573483482656685502453919009145541552952222685822557995644625541751633052040095371234951889670499805153942231850372502524318434018585032998243936120 0 0 0 0 0 0 0 0 0 0 0 0 0 0 0 0 0 0 0 0 0 0 0 0 0 0 0 0 0 0 0 0 1 0 0 0 0 0 0 0 0 0 0 0 0 0 0 0 0 0 0]
[3271374362049909773001581958638428343304068149819742538037163438679963061898471367178805690125013360421653502845060949886033982869758626049338639394942651106 0 0 0 0 0 0 0 0 0 0 0 0 0 0 0 0 0 0 0 0 0 0 0 0 0 0 0 0 0 0 0 0 0 1 0 0 0 0 0 0 0 0 0 0 0 0 0 0 0 0 0]
[1826069644693438657278345963134423880396060455408548792508530250440505790750991967167298768883312082368120289952513969247450954372007126243616540592176359450 0 0 0 0 0 0 0 0 0 0 0 0 0 0 0 0 0 0 0 0 0 0 0 0 0 0 0 0 0 0 0 0 0 0 1 0 0 0 0 0 0 0 0 0 0 0 0 0 0 0 0]
[1369960703024297188188040791723241983407752111456309071447975060806768405443583762397910801515084885671925401086685513480577640866496496495886488759088330658 0 0 0 0 0 0 0 0 0 0 0 0 0 0 0 0 0 0 0 0 0 0 0 0 0 0 0 0 0 0 0 0 0 0 0 1 0 0 0 0 0 0 0 0 0 0 0 0 0 0 0]
[3007997648592506085559477762057092587461739432331325526756221800245360918692833618068971308914050024642940918389847781998660352422202583556974951683306112542 0 0 0 0 0 0 0 0 0 0 0 0 0 0 0 0 0 0 0 0 0 0 0 0 0 0 0 0 0 0 0 0 0 0 0 0 1 0 0 0 0 0 0 0 0 0 0 0 0 0 0]
[2132705380454092257074391847312889651344997416519114708544667587107809843918369902017084281411137360462004230025855168846523233438967809691355412612053011003 0 0 0 0 0 0 0 0 0 0 0 0 0 0 0 0 0 0 0 0 0 0 0 0 0 0 0 0 0 0 0 0 0 0 0 0 0 1 0 0 0 0 0 0 0 0 0 0 0 0 0]
[723843599555134643126051829051877376601998818149374354369926823201957969415559320423775319772816533760243088779375468100910277290527356148159926714727660685 0 0 0 0 0 0 0 0 0 0 0 0 0 0 0 0 0 0 0 0 0 0 0 0 0 0 0 0 0 0 0 0 0 0 0 0 0 0 1 0 0 0 0 0 0 0 0 0 0 0 0]
[3206369151103414903189140564571622884131114518926942683379835953006384838632135832818700406124437207264780475554144792782639416517070092126172097341472829678 0 0 0 0 0 0 0 0 0 0 0 0 0 0 0 0 0 0 0 0 0 0 0 0 0 0 0 0 0 0 0 0 0 0 0 0 0 0 0 1 0 0 0 0 0 0 0 0 0 0 0]
[1804740544683459383980616137909841310676931266797121116422189102676835198917300830168358398685447584871898502252413145455495205424858455869661991156662887987 0 0 0 0 0 0 0 0 0 0 0 0 0 0 0 0 0 0 0 0 0 0 0 0 0 0 0 0 0 0 0 0 0 0 0 0 0 0 0 0 1 0 0 0 0 0 0 0 0 0 0]
[457981470568088176083453516356053383285799100145093666516787299344785896881848070475649805855607056695919963767334932355128991737177363171313937261606311255 0 0 0 0 0 0 0 0 0 0 0 0 0 0 0 0 0 0 0 0 0 0 0 0 0 0 0 0 0 0 0 0 0 0 0 0 0 0 0 0 0 1 0 0 0 0 0 0 0 0 0]
[2719990918837496927436837572457807164339276936619571834528132189459083351054343709293114082358111837402979211793367280323037317369063302569223379492443119245 0 0 0 0 0 0 0 0 0 0 0 0 0 0 0 0 0 0 0 0 0 0 0 0 0 0 0 0 0 0 0 0 0 0 0 0 0 0 0 0 0 0 1 0 0 0 0 0 0 0 0]
[516495494009131180298277570201841130615810512929930018966357470168425095436250214785681041513518576074898109534134742989840406932527495594870945735432490545 0 0 0 0 0 0 0 0 0 0 0 0 0 0 0 0 0 0 0 0 0 0 0 0 0 0 0 0 0 0 0 0 0 0 0 0 0 0 0 0 0 0 0 1 0 0 0 0 0 0 0]
[2431180019163951728085917668078300032465453112413851380179474728210850569799526276086061081689668108470874560722781361267625539353294379125634384943707122489 0 0 0 0 0 0 0 0 0 0 0 0 0 0 0 0 0 0 0 0 0 0 0 0 0 0 0 0 0 0 0 0 0 0 0 0 0 0 0 0 0 0 0 0 1 0 0 0 0 0 0]
[849560530838732588153527345694992817989954458739118383912978950827185577501462432527418608670412315585015867208200111803569636056623948748207000760818393962 0 0 0 0 0 0 0 0 0 0 0 0 0 0 0 0 0 0 0 0 0 0 0 0 0 0 0 0 0 0 0 0 0 0 0 0 0 0 0 0 0 0 0 0 0 1 0 0 0 0 0]
[2504297258581885221489383239745888499755354826904305359843333807239838997445502457864575011912821262274988928668313852312483521472928656198687682585604348909 0 0 0 0 0 0 0 0 0 0 0 0 0 0 0 0 0 0 0 0 0 0 0 0 0 0 0 0 0 0 0 0 0 0 0 0 0 0 0 0 0 0 0 0 0 0 1 0 0 0 0]
[3331761290867834175273613161541531758371308111445459216903212546010693541063017424724810173215806904470896335623276909016125765076124007972460364071047754774 0 0 0 0 0 0 0 0 0 0 0 0 0 0 0 0 0 0 0 0 0 0 0 0 0 0 0 0 0 0 0 0 0 0 0 0 0 0 0 0 0 0 0 0 0 0 0 1 0 0 0]
[1567916262192223417592352244501622204603345070741103421833137396997460903301564398610875358514261735355979082527553583137011746942806373019424161718229098440 0 0 0 0 0 0 0 0 0 0 0 0 0 0 0 0 0 0 0 0 0 0 0 0 0 0 0 0 0 0 0 0 0 0 0 0 0 0 0 0 0 0 0 0 0 0 0 0 1 0 0]
[303232159560495462823218895301914011387482223377770978557493917644190301201909358345762823096031633155064549204287933688455807778589330124352533451048750334 0 0 0 0 0 0 0 0 0 0 0 0 0 0 0 0 0 0 0 0 0 0 0 0 0 0 0 0 0 0 0 0 0 0 0 0 0 0 0 0 0 0 0 0 0 0 0 0 0 1 0]
[2032285862529694680147533127744693066519815394403670364700122770632659465620719954486001706707374172251878315004918150883622257494962432453236065711096442280 0 0 0 0 0 0 0 0 0 0 0 0 0 0 0 0 0 0 0 0 0 0 0 0 0 0 0 0 0 0 0 0 0 0 0 0 0 0 0 0 0 0 0 0 0 0 0 0 0 0 1]
]
52 53 0
[1 1 1 1 1 1 1 1 1 1 1 1 1 1 1 1 1 1 1 1 1 1 1 1 1 1 1 1 1 1 1 1 1 1 1 1 1 1 1 1 1 1 1 1 1 1 1 1 1 1 1 1 1]
