[[307 131 253 -168 143 48 5 -90 -12 -401 -219 293 372 247 10 49 305 224 -31 -509 -184 -491 190 42 291 -421 -57 -94 278 703]
[-13 -193 -145 -552 -179 -306 -107 -623 106 -46 227 335 0 -51 -21 -145 274 326 209 -183 260 140 24 431 -79 -546 144 317 492 -77]
[-114 -427 -35 -594 235 3 44 -713 101 68 31 171 -9 358 60 -5 122 -74 466 -580 -139 -125 241 154 221 -344 -282 -598 76 -91]
[-300 387 -42 172 122 -299 259 566 -311 -382 -57 -33 -152 703 -41 274 45 -167 77 -502 -337 202 650 -52 472 -2 -255 -640 -93 137]
[-243 321 -236 426 123 -391 335 72 -86 149 -13 -738 -615 251 316 249 -404 -243 82 -82 -175 -206 -2 -316 243 74 -399 180 144 -551]
[-358 -217 -483 -511 180 197 204 -255 421 -24 551 -154 -287 -78 610 243 -466 -419 581 242 400 -91 -115 -171 28 31 -58 256 114 -87]
[-39 271 328 69 190 -381 -156 477 -482 -45 -104 -100 276 -100 -264 -837 -139 -157 -359 -235 313 360 145 173 131 167 618 -193 -95 7]
[263 -208 250 293 -389 -152 198 547 -59 -127 -336 255 -306 -114 2 -144 505 124 -410 -258 -743 121 115 -129 194 24 -280 478 429 487]
[206 -657 471 -11 -307 78 -54 -679 267 -72 81 -151 -358 -126 75 -457 414 451 303 -491 -222 -208 126 -244 -321 -520 -388 289 -105 180]
[-220 407 294 167 -58 -724 -285 -493 117 335 355 -293 -452 425 34 -346 65 -198 276 -185 518 93 199 -411 92 -523 276 -227 209 -806]
[-449 245 -95 -105 -97 597 -492 -805 236 64 405 264 3 -273 -91 -361 287 116 211 441 167 -25 -371 -89 -146 -96 616 -209 -168 -525]
[516 -32 366 251 168 312 -417 -169 348 392 -89 -115 364 -322 -507 493 363 -209 22 766 162 175 -189 126 211 542 -134 -491 -636 -487]
[-374 -48 135 -381 -186 -103 173 -6 330 19 595 463 -868 184 574 290 27 -154 -71 242 207 627 444 -141 274 427 -362 -270 -225 -338]
[-295 -470 -726 295 79 232 533 -152 -193 210 44 -284 -264 -138 395 -326 -119 -107 285 477 -539 -400 10 -151 190 -216 -122 75 -201 -163]
[-426 67 -428 250 -469 -350 -226 406 -17 -150 -12 140 -236 -100 3 -648 212 -277 376 547 641 603 649 342 -688 -305 361 179 -107 76]
[-575 32 -3 326 98 163 30 -76 -236 -54 -375 -217 -61 361 -155 -403 249 347 181 -57 -590 -553 436 -655 -276 50 -709 -369 -1 305]
[-68 -190 62 135 25 212 108 303 447 336 149 -224 -219 -88 366 624 -70 -697 -164 134 181 27 -538 313 -718 70 -99 186 107 319]
[-64 612 -85 544 214 168 153 172 75 -317 -231 -376 -318 478 323 548 25 -283 760 -59 163 300 -170 -351 -512 -185 -262 357 -316 203]
[-100 148 -714 -112 95 161 -272 -327 559 43 20 -664 -26 -182 -372 295 -211 848 203 -271 -482 -186 -299 12 68 -5 -412 -204 -64 -807]
[-523 -240 -544 -487 587 385 116 215 103 -251 113 449 -618 644 73 346 -420 460 156 -254 -743 475 -168 -108 375 388 -357 96 503 37]
[245 571 557 189 38 -226 -602 239 -79 -149 158 -184 -698 124 195 -852 35 10 -231 -336 -309 -315 -127 -80 -66 154 -137 -83 405 -165]
[-151 53 86 -15 64 241 -118 211 -382 -1012 -184 -399 424 263 -366 -62 -63 -140 -245 -100 391 341 52 175 499 163 227 -64 -521 -233]
[-317 644 80 110 -47 -152 182 -145 196 76 -168 -96 -88 -453 -335 45 454 476 164 113 280 179 285 -59 -615 -1023 5 199 423 123]
[458 -305 378 229 134 -91 -276 167 393 109 35 -330 -341 244 308 -6 373 175 -615 544 -635 -319 -145 -740 -17 277 -72 377 -393 27]
[6 -114 63 -51 -8 -557 -28 80 -245 -894 -498 -301 -104 307 -402 -540 254 -223 372 -116 -304 325 -47 761 176 136 240 -88 -43 -62]
[-568 -172 -406 -99 286 -31 -30 -201 -205 -115 436 -480 -21 -170 11 -309 -73 -727 348 430 -161 -218 -129 -301 127 335 -214 211 -915 192]
[216 -322 -219 -473 71 -28 64 -80 -80 46 333 428 -384 -229 -316 -75 -230 -387 93 -645 309 230 306 -106 -173 146 -510 -258 358 366]
[87 464 -409 -151 -398 -230 280 -168 -424 -230 -38 -1098 -6 -217 -263 -116 -489 93 -456 292 249 -49 -419 -60 -237 -318 318 215 -115 -45]
[242 115 -67 270 188 369 -242 21 -108 328 -77 -44 128 -1 -383 288 1078 286 22 -74 -308 -584 -62 68 -132 422 -24 -128 -367 -173]
[-8 -123 370 252 -339 -585 -68 247 -380 -209 -226 -117 -180 -278 352 520 -290 381 -414 -414 -266 200 8 -29 -341 -425 42 385 -105 594]
]