[[2652421901581848644744710146459878813314987409242622336413079888755617468742059860215291997846720231731951109868348746149517870179658666355037785609237690518007108886267 0 0 0 0 0 0 0 0 0 0 0 0 0 0 0 0 0 0 0 0 0 0 0 0 0 0 0 0 0 0 0 0 0 0 0 0 0 0 0 0 0 0 0 0 0 0 0 0 0 0 0 0 0 0 0]
[2064902380719500054120492870301181920164772586214668667100673676362004191359466869200010142484139154730736477038676919796609919905194967341365749467856892734193812021748 1 0 0 0 0 0 0 0 0 0 0 0 0 0 0 0 0 0 0 0 0 0 0 0 0 0 0 0 0 0 0 0 0 0 0 0 0 0 0 0 0 0 0 0 0 0 0 0 0 0 0 0 0 0 0]
[234496356164522877891450508343759613385907329839311351762888564451836894930698180881042342041934509375822586222880474212242972358502368418010644566669604701593030702766 0 1 0 0 0 0 0 0 0 0 0 0 0 0 0 0 0 0 0 0 0 0 0 0 0 0 0 0 0 0 0 0 0 0 0 0 0 0 0 0 0 0 0 0 0 0 0 0 0 0 0 0 0 0 0]
[1503984179131656827613559485597725471414263677337657487999669366213144865298417419646120677626157211819406078535391073936336114179841919839021409032157911439606987132304 0 0 1 0 0 0 0 0 0 0 0 0 0 0 0 0 0 0 0 0 0 0 0 0 0 0 0 0 0 0 0 0 0 0 0 0 0 0 0 0 0 0 0 0 0 0 0 0 0 0 0 0 0 0 0]
[2584586871525987496617547598505416994025059100328001709813289503064302860646216129226632802129039126236857619062586430138946686126027470617682882279141642389302092016916 0 0 0 1 0 0 0 0 0 0 0 0 0 0 0 0 0 0 0 0 0 0 0 0 0 0 0 0 0 0 0 0 0 0 0 0 0 0 0 0 0 0 0 0 0 0 0 0 0 0 0 0 0 0 0]
[938429324818750079160746117526174677443747297108391341028419746595209027811410413830230951798204217287631698067949338103103404092229856764144824040938937682370706399153 0 0 0 0 1 0 0 0 0 0 0 0 0 0 0 0 0 0 0 0 0 0 0 0 0 0 0 0 0 0 0 0 0 0 0 0 0 0 0 0 0 0 0 0 0 0 0 0 0 0 0 0 0 0 0]
[2175825982918379180321403591748231540431403942730871096415649299893824308632663516214857310298872487966804941640921046577519784035139519457245523351122315033267650224030 0 0 0 0 0 1 0 0 0 0 0 0 0 0 0 0 0 0 0 0 0 0 0 0 0 0 0 0 0 0 0 0 0 0 0 0 0 0 0 0 0 0 0 0 0 0 0 0 0 0 0 0 0 0 0]
[2353527919538607390845170468285337168461843142656456261026232155372926611055034738902917755480808373459403760132285442842135464561862565969327195063451954850708477599458 0 0 0 0 0 0 1 0 0 0 0 0 0 0 0 0 0 0 0 0 0 0 0 0 0 0 0 0 0 0 0 0 0 0 0 0 0 0 0 0 0 0 0 0 0 0 0 0 0 0 0 0 0 0 0]
[2136826506245974824415778192691747489386454516088462613145258546959686027961834289521705924242462299664042334578477848623940443243722136288384589948668269498734331774870 0 0 0 0 0 0 0 1 0 0 0 0 0 0 0 0 0 0 0 0 0 0 0 0 0 0 0 0 0 0 0 0 0 0 0 0 0 0 0 0 0 0 0 0 0 0 0 0 0 0 0 0 0 0 0]
[1177424407171103320269939135636166518618967410950079328258349896236072304772202589361307158827987809027468660202403983480191822114840668414378260940780655212106349197758 0 0 0 0 0 0 0 0 1 0 0 0 0 0 0 0 0 0 0 0 0 0 0 0 0 0 0 0 0 0 0 0 0 0 0 0 0 0 0 0 0 0 0 0 0 0 0 0 0 0 0 0 0 0 0]
[1800889447832570000303848634085304545301236492047358909129352842008941547822852317194736296049268523878689677478243629585824613080101146100899301041326885427959006749210 0 0 0 0 0 0 0 0 0 1 0 0 0 0 0 0 0 0 0 0 0 0 0 0 0 0 0 0 0 0 0 0 0 0 0 0 0 0 0 0 0 0 0 0 0 0 0 0 0 0 0 0 0 0 0]
[1403205322310132933904056742011707030632864563269579870558793255324511713231236204868227893668432909881644844670928628866000515926607340345728547272884480738172570914006 0 0 0 0 0 0 0 0 0 0 1 0 0 0 0 0 0 0 0 0 0 0 0 0 0 0 0 0 0 0 0 0 0 0 0 0 0 0 0 0 0 0 0 0 0 0 0 0 0 0 0 0 0 0 0]
[2142003687369377305444643937164738436853903290884389078737611220585996016387450127432618199171052239822355633965570056468069563968868066526717976422271316697918136415251 0 0 0 0 0 0 0 0 0 0 0 1 0 0 0 0 0 0 0 0 0 0 0 0 0 0 0 0 0 0 0 0 0 0 0 0 0 0 0 0 0 0 0 0 0 0 0 0 0 0 0 0 0 0 0]
[2142751722778422755180023226304433317303663137477562214488781784985291130373656253775782079168002652685860428123591795152329540567112865111755698469133819718793219871045 0 0 0 0 0 0 0 0 0 0 0 0 1 0 0 0 0 0 0 0 0 0 0 0 0 0 0 0 0 0 0 0 0 0 0 0 0 0 0 0 0 0 0 0 0 0 0 0 0 0 0 0 0 0 0]
[1943239070956839491029367750318341642584525971281126444535194018313227059608028453632214094576750332626642314905578389594910100192021974840672422300161966348876152364511 0 0 0 0 0 0 0 0 0 0 0 0 0 1 0 0 0 0 0 0 0 0 0 0 0 0 0 0 0 0 0 0 0 0 0 0 0 0 0 0 0 0 0 0 0 0 0 0 0 0 0 0 0 0 0]
[2100558237968927108027379411528880364457092262730421067290702018145635415020629397738547950290798601325777014984334190336680591364680135426452320602843654997354011324071 0 0 0 0 0 0 0 0 0 0 0 0 0 0 1 0 0 0 0 0 0 0 0 0 0 0 0 0 0 0 0 0 0 0 0 0 0 0 0 0 0 0 0 0 0 0 0 0 0 0 0 0 0 0 0]
[1223097033787124137945687048516376631374289843686112625612567278756928002799764805701232297192940517398550359468695331941844573340085063839280944433726709713901201103470 0 0 0 0 0 0 0 0 0 0 0 0 0 0 0 1 0 0 0 0 0 0 0 0 0 0 0 0 0 0 0 0 0 0 0 0 0 0 0 0 0 0 0 0 0 0 0 0 0 0 0 0 0 0 0]
[1692537705338954392574136807208764870032993779118907349684975650839200445007006485161039046238063060404269224157425803045388243245270543067342269275459369812544953710035 0 0 0 0 0 0 0 0 0 0 0 0 0 0 0 0 1 0 0 0 0 0 0 0 0 0 0 0 0 0 0 0 0 0 0 0 0 0 0 0 0 0 0 0 0 0 0 0 0 0 0 0 0 0 0]
[2631615860160957187706159026354789378610989230135916572670399418116801696042817954096241500292057974746032001343424382458236885085378290170084615267329614941657055101814 0 0 0 0 0 0 0 0 0 0 0 0 0 0 0 0 0 1 0 0 0 0 0 0 0 0 0 0 0 0 0 0 0 0 0 0 0 0 0 0 0 0 0 0 0 0 0 0 0 0 0 0 0 0 0]
[385247594811229467306039700444691884510411812553168711857602769496254260659067411668510280694037759068208600816088675544681776613107028687817467310219792345329597821777 0 0 0 0 0 0 0 0 0 0 0 0 0 0 0 0 0 0 1 0 0 0 0 0 0 0 0 0 0 0 0 0 0 0 0 0 0 0 0 0 0 0 0 0 0 0 0 0 0 0 0 0 0 0 0]
[255519658960474084955883739799584723001969345139668679097044458596265356894109858758305410886012605964178754136272408028468451464912502235809290466387568366159594283575 0 0 0 0 0 0 0 0 0 0 0 0 0 0 0 0 0 0 0 1 0 0 0 0 0 0 0 0 0 0 0 0 0 0 0 0 0 0 0 0 0 0 0 0 0 0 0 0 0 0 0 0 0 0 0]
[2239452828378197873232178230863355223855716676866543180403150020930496243087496882617971240242035406500447239905785876216762247158335617585575430495594136378134997613791 0 0 0 0 0 0 0 0 0 0 0 0 0 0 0 0 0 0 0 0 1 0 0 0 0 0 0 0 0 0 0 0 0 0 0 0 0 0 0 0 0 0 0 0 0 0 0 0 0 0 0 0 0 0 0]
[1581128367344451307994851761508626530570536848244096115797914107153948881656738580908385272794148752032605491086211267269424987551990855330203944307895127764596610964003 0 0 0 0 0 0 0 0 0 0 0 0 0 0 0 0 0 0 0 0 0 1 0 0 0 0 0 0 0 0 0 0 0 0 0 0 0 0 0 0 0 0 0 0 0 0 0 0 0 0 0 0 0 0 0]
[1336004510014521595777629809962977377163630840790444430375163112104962252726817763208347112158621066331686235984828019478588512370795758107151176923200077145800875333532 0 0 0 0 0 0 0 0 0 0 0 0 0 0 0 0 0 0 0 0 0 0 1 0 0 0 0 0 0 0 0 0 0 0 0 0 0 0 0 0 0 0 0 0 0 0 0 0 0 0 0 0 0 0 0]
[2275844962828580556468090101199121533333939716100661734027708330511767186968584400418407128749803505917677380280693197777413481810593330304418636087551657482092726978637 0 0 0 0 0 0 0 0 0 0 0 0 0 0 0 0 0 0 0 0 0 0 0 1 0 0 0 0 0 0 0 0 0 0 0 0 0 0 0 0 0 0 0 0 0 0 0 0 0 0 0 0 0 0 0]
[1191807470605341416421484684608333268753909884820710954373884247599916466329354743777727111001938672616313893455303354748237759632113135260016111294440892270608385219959 0 0 0 0 0 0 0 0 0 0 0 0 0 0 0 0 0 0 0 0 0 0 0 0 1 0 0 0 0 0 0 0 0 0 0 0 0 0 0 0 0 0 0 0 0 0 0 0 0 0 0 0 0 0 0]
[976248626141371627371078312430600607514333017876516172112124239361666735923894937898759768462520962586052752392463811138595421736268559382565902249992643087404152409281 0 0 0 0 0 0 0 0 0 0 0 0 0 0 0 0 0 0 0 0 0 0 0 0 0 1 0 0 0 0 0 0 0 0 0 0 0 0 0 0 0 0 0 0 0 0 0 0 0 0 0 0 0 0 0]
[796814568529626618757624561881333589588332894396495604413222289030581084255034310071371185513820995565759118609375737158551898383716263761424463522879370459304268751892 0 0 0 0 0 0 0 0 0 0 0 0 0 0 0 0 0 0 0 0 0 0 0 0 0 0 1 0 0 0 0 0 0 0 0 0 0 0 0 0 0 0 0 0 0 0 0 0 0 0 0 0 0 0 0]
[2376855173572474221326927930366641850403856955857183852132042472190559856005433003714594189941019857295616924411654100568816381955452079133666855284803285519051047429306 0 0 0 0 0 0 0 0 0 0 0 0 0 0 0 0 0 0 0 0 0 0 0 0 0 0 0 1 0 0 0 0 0 0 0 0 0 0 0 0 0 0 0 0 0 0 0 0 0 0 0 0 0 0 0]
[703673737368775230833353953764225970773026609997372868068275522539373673236992193275926929061475055066400704832303138096043905929161694707948342978917931766390988977360 0 0 0 0 0 0 0 0 0 0 0 0 0 0 0 0 0 0 0 0 0 0 0 0 0 0 0 0 1 0 0 0 0 0 0 0 0 0 0 0 0 0 0 0 0 0 0 0 0 0 0 0 0 0 0]
[2260859623188183953201416495252624577316694198926443342856710522098483303657379459181218470564393404446544400740631879957207499060312486747590656257324499204927859473141 0 0 0 0 0 0 0 0 0 0 0 0 0 0 0 0 0 0 0 0 0 0 0 0 0 0 0 0 0 1 0 0 0 0 0 0 0 0 0 0 0 0 0 0 0 0 0 0 0 0 0 0 0 0 0]
[1132443775290695977737627897108526315370957769756971915036818199206163332556315860733113802104279029728844324614707125209800181184218907244034295386936194029259730638169 0 0 0 0 0 0 0 0 0 0 0 0 0 0 0 0 0 0 0 0 0 0 0 0 0 0 0 0 0 0 1 0 0 0 0 0 0 0 0 0 0 0 0 0 0 0 0 0 0 0 0 0 0 0 0]
[1374320949603778972989800946142611890925423396791027849904158433422689943516793595732028629730083325500733937023981985840264203015391277647461044862874644712267267163340 0 0 0 0 0 0 0 0 0 0 0 0 0 0 0 0 0 0 0 0 0 0 0 0 0 0 0 0 0 0 0 1 0 0 0 0 0 0 0 0 0 0 0 0 0 0 0 0 0 0 0 0 0 0 0]
[1680012213192203743993244576560300504600874959590009124618355658877629320820093352529786982405121951734956827371708837423305440452016813971061093199610761822553759467114 0 0 0 0 0 0 0 0 0 0 0 0 0 0 0 0 0 0 0 0 0 0 0 0 0 0 0 0 0 0 0 0 1 0 0 0 0 0 0 0 0 0 0 0 0 0 0 0 0 0 0 0 0 0 0]
[2394547676424896479232787468685869893180308970793000221086234485560108525385628242163239502381460820424103208216204311370677079048013005921755962165232309626973142195632 0 0 0 0 0 0 0 0 0 0 0 0 0 0 0 0 0 0 0 0 0 0 0 0 0 0 0 0 0 0 0 0 0 1 0 0 0 0 0 0 0 0 0 0 0 0 0 0 0 0 0 0 0 0 0]
[1709549207437425486984118752022350096782347730824682259430170907953908002702998482750638268234273828126757253323447003196713415285943467055757177880996173823302315078169 0 0 0 0 0 0 0 0 0 0 0 0 0 0 0 0 0 0 0 0 0 0 0 0 0 0 0 0 0 0 0 0 0 0 1 0 0 0 0 0 0 0 0 0 0 0 0 0 0 0 0 0 0 0 0]
[2098857794640121991499973101231401151754761401127437838855154699737675205857097111753402103691095304164352156717376758503081940543812876965556125408174561776324373153032 0 0 0 0 0 0 0 0 0 0 0 0 0 0 0 0 0 0 0 0 0 0 0 0 0 0 0 0 0 0 0 0 0 0 0 1 0 0 0 0 0 0 0 0 0 0 0 0 0 0 0 0 0 0 0]
[2431715924258693718844192588703515813242302598821124008975093858952941088857322499049066307473329930551677023318234275482218959984325455206990733295346017945319240695009 0 0 0 0 0 0 0 0 0 0 0 0 0 0 0 0 0 0 0 0 0 0 0 0 0 0 0 0 0 0 0 0 0 0 0 0 1 0 0 0 0 0 0 0 0 0 0 0 0 0 0 0 0 0 0]
[2151382817357576739597364681451759372309499344335507625042496824636157386380428303924020663001144761495540703487022150301072435995732681287456839938736458266090683458624 0 0 0 0 0 0 0 0 0 0 0 0 0 0 0 0 0 0 0 0 0 0 0 0 0 0 0 0 0 0 0 0 0 0 0 0 0 1 0 0 0 0 0 0 0 0 0 0 0 0 0 0 0 0 0]
[2279434862613845294419002741945826874916716209727118166364456129302744087705092175281285982363145074757168900379865540266150827306624217560025160382335180440309550234350 0 0 0 0 0 0 0 0 0 0 0 0 0 0 0 0 0 0 0 0 0 0 0 0 0 0 0 0 0 0 0 0 0 0 0 0 0 0 1 0 0 0 0 0 0 0 0 0 0 0 0 0 0 0 0]
[1295378857075891592095108975716155478662266400740904525451652004958234775501903432834110281494799193392350661064881180674732783356387065803397037719686369107464803479520 0 0 0 0 0 0 0 0 0 0 0 0 0 0 0 0 0 0 0 0 0 0 0 0 0 0 0 0 0 0 0 0 0 0 0 0 0 0 0 1 0 0 0 0 0 0 0 0 0 0 0 0 0 0 0]
[2574113556524795476989126535019737743244667928645698336504746314657189660005755265674442250739624794027489588834740993962123046842954966539943105721481401715880360868676 0 0 0 0 0 0 0 0 0 0 0 0 0 0 0 0 0 0 0 0 0 0 0 0 0 0 0 0 0 0 0 0 0 0 0 0 0 0 0 0 1 0 0 0 0 0 0 0 0 0 0 0 0 0 0]
[1877715653552087035490735315065463061852681186036069537471939560781492670536315847025706347739068079870904617105904855108811277106215346955499608713327970421026143840663 0 0 0 0 0 0 0 0 0 0 0 0 0 0 0 0 0 0 0 0 0 0 0 0 0 0 0 0 0 0 0 0 0 0 0 0 0 0 0 0 0 1 0 0 0 0 0 0 0 0 0 0 0 0 0]
[1924288245255983836268343712443972095901398873214878502739503074817214357439812964162131929122047096936239139443875779564231834569693961383901772235301362948948248133574 0 0 0 0 0 0 0 0 0 0 0 0 0 0 0 0 0 0 0 0 0 0 0 0 0 0 0 0 0 0 0 0 0 0 0 0 0 0 0 0 0 0 1 0 0 0 0 0 0 0 0 0 0 0 0]
[2489175070945469567831303436804743282547092527985449548264687623313815347716880307719264059830157075547155418792110580093058886182520874427412141856063324383141720474753 0 0 0 0 0 0 0 0 0 0 0 0 0 0 0 0 0 0 0 0 0 0 0 0 0 0 0 0 0 0 0 0 0 0 0 0 0 0 0 0 0 0 0 1 0 0 0 0 0 0 0 0 0 0 0]
[133474392116264747687803426584542206387520673217747705110226578884823928678196466234336775533494190406887390424120160481939427838322105770325752047975591707768587630853 0 0 0 0 0 0 0 0 0 0 0 0 0 0 0 0 0 0 0 0 0 0 0 0 0 0 0 0 0 0 0 0 0 0 0 0 0 0 0 0 0 0 0 0 1 0 0 0 0 0 0 0 0 0 0]
[2089455398447862196262955876578833889167370882109629071142687264284407169660231356631068130178701545546901320828887462831860501406796900571573440452943198180785968293916 0 0 0 0 0 0 0 0 0 0 0 0 0 0 0 0 0 0 0 0 0 0 0 0 0 0 0 0 0 0 0 0 0 0 0 0 0 0 0 0 0 0 0 0 0 1 0 0 0 0 0 0 0 0 0]
[88338484477194428930821238662699937017902990148083656246433326079754523301292563753519075453048511094151691627512262048554233439397717746829454366194252951487666027879 0 0 0 0 0 0 0 0 0 0 0 0 0 0 0 0 0 0 0 0 0 0 0 0 0 0 0 0 0 0 0 0 0 0 0 0 0 0 0 0 0 0 0 0 0 0 1 0 0 0 0 0 0 0 0]
[1812140604352375045669325531911551480535400103331866572735370830979899698357943624556782266567114652289870259259763309404749839569515834401581537913126777340574937806155 0 0 0 0 0 0 0 0 0 0 0 0 0 0 0 0 0 0 0 0 0 0 0 0 0 0 0 0 0 0 0 0 0 0 0 0 0 0 0 0 0 0 0 0 0 0 0 1 0 0 0 0 0 0 0]
[1525429567549180195575992715241994360665327696417748083332945404017621540546413321858695696190183878964237194207776526514682071008321580191200409839857734202428907892654 0 0 0 0 0 0 0 0 0 0 0 0 0 0 0 0 0 0 0 0 0 0 0 0 0 0 0 0 0 0 0 0 0 0 0 0 0 0 0 0 0 0 0 0 0 0 0 0 1 0 0 0 0 0 0]
[1284229305635344150766552866508284842969687356573753521742527256460247892601609150650174323606753567587973741436796001408784509159097998799274823078461966676259714175916 0 0 0 0 0 0 0 0 0 0 0 0 0 0 0 0 0 0 0 0 0 0 0 0 0 0 0 0 0 0 0 0 0 0 0 0 0 0 0 0 0 0 0 0 0 0 0 0 0 1 0 0 0 0 0]
[2318879141843132650179824564476930937678943558417207717611942650252847305986546222808585960112977235796271443246339203783111503321634905591819449459735460955310152268929 0 0 0 0 0 0 0 0 0 0 0 0 0 0 0 0 0 0 0 0 0 0 0 0 0 0 0 0 0 0 0 0 0 0 0 0 0 0 0 0 0 0 0 0 0 0 0 0 0 0 1 0 0 0 0]
[1389612687665637866749010965941142815200514688056011938143991918649501233064325673078333741595775141893050700795894110941968375114672631785946083994120983322839680358605 0 0 0 0 0 0 0 0 0 0 0 0 0 0 0 0 0 0 0 0 0 0 0 0 0 0 0 0 0 0 0 0 0 0 0 0 0 0 0 0 0 0 0 0 0 0 0 0 0 0 0 1 0 0 0]
[985679654298339030648576213588901192587764884179318355143480878639133685819598832057378022977829348022646847571246840348291437141571382083807046600221884925149217278797 0 0 0 0 0 0 0 0 0 0 0 0 0 0 0 0 0 0 0 0 0 0 0 0 0 0 0 0 0 0 0 0 0 0 0 0 0 0 0 0 0 0 0 0 0 0 0 0 0 0 0 0 1 0 0]
[803556218646452449692457207760667787186424689679379150277601975044048652327099332694138609431389840962668156049921792817790336425004254905126711878684592352749704424850 0 0 0 0 0 0 0 0 0 0 0 0 0 0 0 0 0 0 0 0 0 0 0 0 0 0 0 0 0 0 0 0 0 0 0 0 0 0 0 0 0 0 0 0 0 0 0 0 0 0 0 0 0 1 0]
[1880788762878964464460379675083063889525132447541192296545846176131880225513397497119587338670661457571132516869822092784112751294824074577746639127491747847915016674110 0 0 0 0 0 0 0 0 0 0 0 0 0 0 0 0 0 0 0 0 0 0 0 0 0 0 0 0 0 0 0 0 0 0 0 0 0 0 0 0 0 0 0 0 0 0 0 0 0 0 0 0 0 0 1]
]
56 87 0
[1 -1 0 1 -1 0 1 -1 0 1 -1 0 1 -1 0 1 -1 0 1 -1 0 1 -1 0 1 -1 0 1 -1 1 0 -1 1 0 -1 1 0 -1 1 0 -1 1 0 -1 1 0 -1 1 0 -1 1 0 -1 1 0 -1 1]
