[[921014307376046241389222186168702928619173300001 0 0 0 0 0 0 0 0 0 0 0 0 0 0 0]
[657948465049557089946219868781579441278073565542 1 0 0 0 0 0 0 0 0 0 0 0 0 0 0]
[869874033391138097963245614595070480667864166243 0 1 0 0 0 0 0 0 0 0 0 0 0 0 0]
[528186007586107398945102272823234789232604871864 0 0 1 0 0 0 0 0 0 0 0 0 0 0 0]
[532313715732905837382406675951115849274462244577 0 0 0 1 0 0 0 0 0 0 0 0 0 0 0]
[31993848117184193002327035750207609824505124002 0 0 0 0 1 0 0 0 0 0 0 0 0 0 0]
[463874300391722868732773260759632272829742146977 0 0 0 0 0 1 0 0 0 0 0 0 0 0 0]
[788080855739224497266724630118346416855516748815 0 0 0 0 0 0 1 0 0 0 0 0 0 0 0]
[619415044080935331324894584249549411760864020928 0 0 0 0 0 0 0 1 0 0 0 0 0 0 0]
[534592931149418258398020321716198953099204787155 0 0 0 0 0 0 0 0 1 0 0 0 0 0 0]
[575277268410648380872872120136497059520153336343 0 0 0 0 0 0 0 0 0 1 0 0 0 0 0]
[532278947360990976100626196337287592231385618585 0 0 0 0 0 0 0 0 0 0 1 0 0 0 0]
[708509015471356681678444932574624442171772713388 0 0 0 0 0 0 0 0 0 0 0 1 0 0 0]
[14359895859165669899340798892197097747708604257 0 0 0 0 0 0 0 0 0 0 0 0 1 0 0]
[882951072835615757329629818494226046978431251144 0 0 0 0 0 0 0 0 0 0 0 0 0 1 0]
[380199002950049679836283530257358218467370567059 0 0 0 0 0 0 0 0 0 0 0 0 0 0 1]
]
16 40 0
[1 0 0 0 -1 0 0 0 1 0 0 0 -1 0 0 0 1]
