// 30 dim, 1514.17
[[48 -41 -174 -197 559 5 -401 -358 -613 425 76 49 566 136 89 -381 4 221 142 -263 472 259 0 152 38 587 -357 358 -112 -2]
[-229 94 -555 466 -185 -100 59 389 -101 -78 -520 -271 -256 -189 234 441 -228 325 411 -343 -381 -718 -292 -43 -341 -4 93 -582 -490 -1]
[85 -146 -305 -264 512 163 -336 -53 41 -32 -577 -59 75 363 704 508 278 161 -69 -685 -47 -344 -518 -641 -10 -406 307 -67 -501 -24]
[-573 58 -258 112 -240 -11 -112 297 -253 -186 157 -481 -30 -186 243 -180 -230 -445 736 580 -265 -82 -379 655 -268 342 -547 325 -634 0]
[-499 43 302 -500 375 238 -371 161 -96 299 -64 -324 531 -514 76 -471 431 -176 -549 593 -74 31 -174 -82 39 -352 -210 365 -398 -26]
[-553 -595 208 -40 104 -52 227 7 -93 371 312 -125 304 -441 -254 -398 -436 -254 -455 915 -125 894 -454 326 -83 93 -12 -337 41 0]
[279 -37 -296 -218 698 -181 8 -46 -266 252 -293 234 228 138 -583 -570 421 -61 -804 -437 43 239 -588 -218 281 -322 -229 -302 727 1]
[114 304 -36 -247 12 125 51 -82 -872 -172 -369 -136 340 -464 311 227 690 -34 402 -222 2 -347 -151 -614 -448 -824 296 -123 -559 -2]
[333 355 -411 578 -228 -53 345 -213 -328 86 374 -103 -157 -75 480 43 18 -27 181 -418 459 301 342 23 -700 261 702 -110 -714 20]
[-39 271 328 69 190 -381 -156 477 -482 -45 -104 -100 276 -100 -264 -837 -139 -157 -359 -235 313 360 145 173 131 167 618 -193 -95 7]
[-376 -161 66 -123 442 341 -274 -936 63 78 -136 -68 -18 -729 -37 285 39 785 -499 83 18 -11 116 -774 -53 -22 391 -222 170 -15]
[-56 -35 -242 -124 4 -231 -214 -290 -514 -241 99 -91 -120 -269 213 427 392 945 353 -380 -355 -502 369 -445 273 -42 59 327 -465 15]
[-446 -125 592 5 -398 495 -100 152 83 -221 193 174 41 -112 -280 214 200 87 88 329 345 -55 608 -46 -119 494 -61 -301 926 52]
[134 -30 -17 -53 497 -459 -409 351 356 348 -384 -273 -36 440 166 -503 59 441 366 -943 109 -416 -117 191 108 -254 131 336 -572 -13]
[-447 -480 58 -96 -43 93 -180 -114 -102 70 644 -104 88 -327 111 85 -332 -100 -565 216 -63 882 142 809 503 737 -835 -54 -66 -2]
[-305 160 413 127 -287 -52 220 423 986 55 -178 -261 308 14 -109 -528 -119 -648 -95 256 -79 426 -311 389 473 26 -632 -200 -163 39]
[106 -192 -262 -76 -31 -203 261 -602 -341 -31 65 103 -19 -632 -221 -504 527 -516 -230 889 -652 623 -75 -370 220 28 -489 -37 -51 109]
[320 -410 -254 70 325 -261 -511 -135 299 651 -281 -126 89 409 397 -518 31 102 -206 135 71 -136 -782 245 -672 356 -251 143 -38 -68]
[396 -139 -253 101 262 414 157 105 19 -40 -2 35 -281 -117 -212 -47 -8 -510 -881 349 114 40 -151 -861 -133 -770 559 -162 -361 -127]
[-380 -384 -36 324 -73 246 553 170 -841 503 -190 144 664 -330 -648 -602 -296 364 171 -44 -111 -91 85 -294 -141 52 -323 -536 33 248]
[247 437 -361 -53 220 28 82 -184 -286 -258 -709 458 96 233 -15 -42 263 180 600 -38 -341 275 -52 -343 470 -53 -82 402 280 -37]
[163 -46 -148 -80 -219 400 262 -490 549 -50 -144 415 63 457 -315 -214 -183 -91 170 481 -139 115 24 -41 314 -195 -578 -320 453 -341]
[-465 -445 -318 21 -394 21 -308 -185 -431 -194 190 -13 274 -517 246 674 -819 -151 564 277 460 136 -217 347 -46 742 -366 120 -242 189]
[722 388 243 -479 -142 -222 36 -14 -609 -168 -121 238 249 329 271 -65 -267 4 348 -701 -66 -153 -86 -242 -269 73 -386 -353 -178 36]
[120 -317 176 126 463 125 -219 -18 -376 796 381 15 35 41 128 -607 890 -244 -368 367 40 377 -528 -28 -100 -550 -286 258 512 -197]
[-392 -55 856 -392 -254 261 -86 535 -146 -272 -210 110 663 38 -419 -8 95 -359 0 -20 25 342 -530 -238 -306 -379 -177 -129 -299 390]
[419 442 -120 152 -109 295 418 -468 -327 -135 445 64 -206 -131 -346 -520 86 168 992 -186 87 -56 144 349 -23 185 178 695 25 -234]
[144 235 215 88 -112 39 -220 29 642 -1110 48 -123 -123 443 161 144 305 -468 800 512 171 -333 -181 -221 71 -128 320 141 -59 460]
[-832 -205 -51 -130 100 -246 598 713 -43 28 -58 -97 -530 385 92 209 -406 181 51 160 -197 -270 -268 142 -361 110 263 163 -669 12]
[-185 -425 -192 -235 -412 98 -338 443 -282 -233 -76 -537 -407 843 229 759 -47 126 305 325 -164 312 -583 -230 -29 -516 277 -273 -234 -276]
]

// 40 dim, 1702.46
[[-296 -178 250 -352 221 21 -44 393 -274 -447 184 -9 45 367 115 458 393 -15 420 568 82 -130 382 -53 -186 -105 -271 -186 264 -112 -194 -422 -260 927 -165 342 261 -464 -86 -426]
[6 -89 -57 119 -12 28 -164 201 -183 -88 530 -374 2 283 -51 -168 -866 -21 -37 416 249 -198 499 697 -466 64 -333 131 325 497 -75 560 324 253 -84 -427 336 402 -17 0]
[-44 40 -84 191 -79 -447 -287 -403 48 -19 34 -59 -63 318 -676 -239 174 -108 20 -88 -216 -207 433 -121 13 -19 471 -79 -385 -9 793 11 -484 -1161 431 163 377 259 -375 0]
[477 305 112 94 -130 -586 -388 241 -71 23 237 93 120 -450 -449 -329 312 150 -386 -544 -612 -155 -197 9 241 -528 -210 498 -293 22 594 -53 -867 -643 586 368 -556 310 105 -31]
[332 -117 298 424 -39 63 182 -234 874 174 -233 35 -245 624 270 -274 -358 28 138 139 280 306 751 90 -59 -34 288 44 -286 172 -388 96 903 253 210 -217 29 261 -206 2]
[-171 -209 -235 152 371 700 -64 699 -150 -56 -102 -25 -69 -331 236 35 133 -150 -114 -1117 252 -80 -849 -26 -107 -314 -196 71 -76 -548 -465 -376 -513 234 413 373 -570 -2 603 23]
[-389 -153 -521 -146 -220 675 -317 36 -263 484 410 -596 -656 663 -95 -29 -584 -112 -65 90 134 -445 127 -147 -414 -22 601 -57 112 -22 -299 568 -223 -904 578 -360 643 292 -430 29]
[58 225 -140 -53 -299 488 -78 -228 325 -747 -367 -460 430 68 170 -531 -254 -251 681 356 386 197 200 505 -44 222 -161 -375 307 -137 303 143 241 623 -503 -567 840 -141 166 1]
[116 269 222 -127 42 978 -27 -463 676 -194 -129 -158 105 489 461 336 141 158 277 -271 451 -48 109 221 467 -586 -14 -64 491 -723 -321 -1050 -165 527 335 472 74 -358 24 1]
[-244 168 -262 -78 394 565 39 -519 546 -623 -161 180 211 105 32 -422 -377 125 -91 -101 346 -442 733 673 -541 -126 74 -553 -455 -390 108 96 -216 651 -9 33 909 -12 -103 1]
[261 -51 -144 137 -259 460 -305 182 327 -268 -211 -310 -17 -54 369 635 63 -156 420 -663 941 332 -190 -43 467 364 -136 -679 190 -852 344 -1057 -118 112 -591 137 175 59 457 24]
[109 -38 315 28 -419 -138 -74 -187 162 133 402 135 72 -10 450 138 347 430 -877 -866 239 -122 125 381 -323 -726 -334 49 -424 -82 137 -498 139 -168 -313 435 -340 234 92 426]
[-475 -425 116 -179 -31 -239 141 8 -741 -95 365 -25 -276 241 -309 652 166 -818 47 -37 -46 225 -146 -369 -232 -363 103 -113 -209 474 -338 -709 -443 -688 422 -139 445 -214 -322 28]
[204 -722 253 -593 148 -406 -35 -563 -624 90 338 521 569 83 -118 -2 -353 615 -424 519 99 -806 268 990 -349 -170 -259 -223 20 100 237 121 493 -25 -210 206 -166 -216 -236 -27]
[522 -628 -375 -660 43 -497 316 900 -840 -66 193 399 -376 3 382 295 -683 108 -367 -22 155 214 -650 -201 -146 589 -216 35 177 -21 -690 -107 -403 545 242 52 -96 39 -193 -428]
[77 328 -165 70 -37 -86 700 -464 134 -631 -105 -191 156 -47 -195 -339 180 -329 -610 -315 272 334 87 116 -588 -7 300 68 -30 -18 284 640 453 -143 116 165 361 460 -456 1]
[361 136 314 -380 -54 -378 493 131 -332 -400 22 245 276 -33 408 -263 -411 372 -536 518 619 -40 286 458 -254 -30 -102 243 -215 -516 -319 465 134 662 -542 388 -360 2 32 -458]
[-361 401 -210 138 324 193 -117 143 -265 36 187 -312 352 155 -535 -293 -481 272 -537 -62 774 -269 -306 437 -811 -98 93 -68 -10 114 -110 195 -11 -662 -213 494 216 326 165 25]
[-674 -198 -390 307 182 522 -173 -98 -143 -98 342 -366 286 -484 452 -457 -426 208 -196 -773 292 90 23 48 75 303 -628 187 230 -61 226 310 443 -69 -455 -554 -25 106 387 465]
[-261 -307 480 236 -103 -99 408 -11 125 189 -154 656 147 4 690 511 198 -208 -241 -434 367 117 -297 244 472 -860 -308 226 -71 -321 -23 -420 69 378 -354 827 -412 -343 320 394]
[132 -360 -126 214 -98 -270 166 -336 158 958 -636 542 -302 70 -154 -84 241 -78 -159 327 -288 40 -111 -456 -92 -26 873 -183 -707 617 -129 299 282 -268 585 83 400 -661 -119 188]
[166 162 148 -292 -153 -316 252 -205 -57 -253 -268 119 385 -724 -54 203 227 129 -102 -533 -740 -217 -350 -607 276 -26 -23 220 -226 82 -86 -197 230 -347 24 -207 -513 109 -195 -19]
[838 170 234 -129 -121 212 248 -55 252 -360 -337 12 105 156 -91 -251 211 -142 595 -777 316 660 -15 79 432 -120 46 329 277 -22 -220 -1503 -6 586 226 378 79 -522 274 -153]
[-245 -166 127 -356 111 -253 -47 -234 55 9 95 -25 180 384 255 254 -397 -18 341 207 616 -472 225 -162 24 222 101 -756 -33 -552 -447 -676 -471 -329 272 -169 684 -105 -478 -239]
[-157 -306 -2 -190 -109 -68 253 -386 -512 -340 330 261 285 24 -633 -342 -133 156 -649 -568 -157 -191 -249 31 -605 180 452 230 -454 332 387 -136 -15 -496 502 320 -98 171 -562 -123]
[-730 -347 71 5 49 -284 266 -1107 201 -188 -526 349 481 240 -112 -330 60 350 -257 -146 705 146 -421 -288 214 312 147 -216 -161 103 210 -467 1 -365 248 430 168 -721 93 381]
[476 -317 -472 -190 257 335 397 -304 -207 -69 118 87 -211 -178 146 668 -564 -1 -367 -565 343 158 237 430 -148 283 25 245 252 202 -188 108 181 -25 745 -162 -259 691 247 -46]
[-372 -302 -281 441 607 -196 -262 -381 -72 321 -673 283 -42 -598 -520 -397 -17 877 -236 315 -821 -406 -62 -590 -142 403 233 25 -229 51 -86 359 102 -327 508 -13 9 -306 235 112]
[-70 293 662 363 -389 73 -15 -406 95 -113 77 -56 -388 171 -728 135 68 -291 -93 -25 179 121 -226 367 127 -258 -194 146 -440 -228 343 -314 -458 -865 -38 69 120 234 76 504]
[-281 -257 180 245 615 -377 878 81 -411 -100 -416 611 65 -733 -609 8 -453 -822 -40 -638 -174 -106 -262 -220 186 -1 266 -98 -547 -409 -250 574 56 -296 599 115 -4 53 353 400]
[144 20 -206 112 17 -314 -172 150 517 283 -293 102 307 -19 -211 -710 -443 168 271 352 -139 -350 414 175 -161 189 -533 397 -127 760 -51 591 -2 -10 232 79 44 -87 -58 88]
[326 619 79 -790 -678 -455 -176 161 42 202 36 236 -210 -71 543 68 564 516 -530 -254 -151 -313 294 -496 252 -184 -27 -327 -403 106 33 -11 -52 -90 50 64 841 -638 -343 143]
[742 -279 366 -91 -364 -69 -172 677 257 -172 -488 182 237 -216 -247 -305 -32 -270 -409 377 -290 593 -556 -215 100 -274 -46 155 -165 -202 -542 -60 -101 196 847 68 -3 -76 -451 -446]
[-90 -185 -196 242 -312 886 -163 -146 0 437 -22 205 -169 -373 526 -267 433 227 298 -1005 -894 -371 -372 -76 -93 -262 -120 204 -336 -227 -497 179 11 -376 177 -48 -862 148 222 21]
[-490 -482 -208 342 265 114 -263 688 -56 15 -177 -125 255 237 369 310 -413 138 -7 -376 -3 144 -114 -310 114 776 -577 -528 -128 -295 546 385 167 873 -657 -178 142 -372 283 -59]
[-377 399 -396 -17 -37 -363 204 -28 -91 719 550 342 132 -265 -156 -69 -539 -422 -211 271 -359 420 -60 149 -37 252 -367 761 805 894 -139 34 54 480 408 -483 220 -118 -277 -9]
[18 -351 -431 -145 -50 538 16 306 -374 849 182 16 -105 225 215 435 -721 679 47 -536 1031 -197 -632 -397 706 38 86 291 159 -351 -302 -173 420 -442 71 -136 -461 -281 366 668]
[742 286 352 -248 -852 -183 200 473 -148 526 87 -254 -182 -714 226 51 -45 -45 -454 101 -3 34 -190 -108 -663 -46 142 221 210 672 -142 61 381 -129 -468 -395 -634 307 652 -210]
[295 -338 236 198 472 -72 -24 297 -231 -430 412 -198 8 611 -705 -29 -337 -99 -146 -134 160 -341 768 750 525 -218 -541 204 619 5 545 125 -32 457 156 407 -542 532 -64 -171]
[468 -253 -487 184 667 570 -519 -532 -11 -155 -25 8 377 -106 -109 426 -169 -704 81 349 766 81 686 495 -122 -213 -251 -823 168 -124 40 -169 497 740 -123 -270 496 -34 -180 32]
]

// 50 dim
[[2572249791343926599834597246504438270825677441016286978314646816037633073718800960382407276679352978883369712522291598115976394261337503625492577298679 0 0 0 0 0 0 0 0 0 0 0 0 0 0 0 0 0 0 0 0 0 0 0 0 0 0 0 0 0 0 0 0 0 0 0 0 0 0 0 0 0 0 0 0 0 0 0 0 0]
[862790742391913069512187319676882102718238840362965339003709277044933821065487536334402657755254564225176544552935420851147219916517649456687181098735 1 0 0 0 0 0 0 0 0 0 0 0 0 0 0 0 0 0 0 0 0 0 0 0 0 0 0 0 0 0 0 0 0 0 0 0 0 0 0 0 0 0 0 0 0 0 0 0 0]
[707198319259164557583898061344465626471289531574241942770919982896068352455143428335223053404391346555862681668163377222749420182265238995408134674606 0 1 0 0 0 0 0 0 0 0 0 0 0 0 0 0 0 0 0 0 0 0 0 0 0 0 0 0 0 0 0 0 0 0 0 0 0 0 0 0 0 0 0 0 0 0 0 0 0]
[560049197636147644110258447681201707792267842537757976574926479294085721538630353158241916577035926257909471402186821486336110984057726592024119911758 0 0 1 0 0 0 0 0 0 0 0 0 0 0 0 0 0 0 0 0 0 0 0 0 0 0 0 0 0 0 0 0 0 0 0 0 0 0 0 0 0 0 0 0 0 0 0 0 0]
[2051189108406472878523658513030458370062866461965329972671351537146184694646136561045314677767014003505717667232360471107783490063568138624099742462909 0 0 0 1 0 0 0 0 0 0 0 0 0 0 0 0 0 0 0 0 0 0 0 0 0 0 0 0 0 0 0 0 0 0 0 0 0 0 0 0 0 0 0 0 0 0 0 0 0]
[1557182244029825078924516446287395437125318543881604274495793161435852643958137588389932118835076317442021913851313610010293202831467247149770251057573 0 0 0 0 1 0 0 0 0 0 0 0 0 0 0 0 0 0 0 0 0 0 0 0 0 0 0 0 0 0 0 0 0 0 0 0 0 0 0 0 0 0 0 0 0 0 0 0 0]
[330360286462872952837562019920138564615889165941414855118568309872093265261710358232422006363859263143552868111707794789315416693580903684910816264690 0 0 0 0 0 1 0 0 0 0 0 0 0 0 0 0 0 0 0 0 0 0 0 0 0 0 0 0 0 0 0 0 0 0 0 0 0 0 0 0 0 0 0 0 0 0 0 0 0]
[502072009251670870927423390133908613298451281668247206783729167178779546409859991777782420374008553424757926824078377159780865832926649381240637697562 0 0 0 0 0 0 1 0 0 0 0 0 0 0 0 0 0 0 0 0 0 0 0 0 0 0 0 0 0 0 0 0 0 0 0 0 0 0 0 0 0 0 0 0 0 0 0 0 0]
[1352251263513909665332706074866450030057417232412174693663005611267988062905566420807962566007638763550694219586023971188030694390032704728996850077828 0 0 0 0 0 0 0 1 0 0 0 0 0 0 0 0 0 0 0 0 0 0 0 0 0 0 0 0 0 0 0 0 0 0 0 0 0 0 0 0 0 0 0 0 0 0 0 0 0]
[1036184510767067700701592763312456523254079734648412784391676714268638066393048327839470724298107242244098434422710551368470437853045116006942009050890 0 0 0 0 0 0 0 0 1 0 0 0 0 0 0 0 0 0 0 0 0 0 0 0 0 0 0 0 0 0 0 0 0 0 0 0 0 0 0 0 0 0 0 0 0 0 0 0 0]
[1782247369718340740907032173215257111165449916052417497665801321563061254275951087809035831057318912293302335150257114009618580588917253350997919398569 0 0 0 0 0 0 0 0 0 1 0 0 0 0 0 0 0 0 0 0 0 0 0 0 0 0 0 0 0 0 0 0 0 0 0 0 0 0 0 0 0 0 0 0 0 0 0 0 0]
[1561648627201357769651679342660677247724243867215381798276964238671286414252481774366019305330797987262927570553776993964233286623679154471452692115009 0 0 0 0 0 0 0 0 0 0 1 0 0 0 0 0 0 0 0 0 0 0 0 0 0 0 0 0 0 0 0 0 0 0 0 0 0 0 0 0 0 0 0 0 0 0 0 0 0]
[859266515356182674495238614503121378931889621276878738062838865890499761618546264826615298184411759569394979470121979691986560456455011234511735952027 0 0 0 0 0 0 0 0 0 0 0 1 0 0 0 0 0 0 0 0 0 0 0 0 0 0 0 0 0 0 0 0 0 0 0 0 0 0 0 0 0 0 0 0 0 0 0 0 0]
[2491326179818101133466819425521420389214814000568628750599358688796119429086830426619978613009419122607211384465284364574862991982730809983805660333408 0 0 0 0 0 0 0 0 0 0 0 0 1 0 0 0 0 0 0 0 0 0 0 0 0 0 0 0 0 0 0 0 0 0 0 0 0 0 0 0 0 0 0 0 0 0 0 0 0]
[1709681636047321588484064771399038521586638479674823538026111782793620144147384612811889002537476881979260016764745563699503222012199400451373532249714 0 0 0 0 0 0 0 0 0 0 0 0 0 1 0 0 0 0 0 0 0 0 0 0 0 0 0 0 0 0 0 0 0 0 0 0 0 0 0 0 0 0 0 0 0 0 0 0 0]
[2401420565531840935696066732851404569051067629322131914440966523358118578850601094558349730039105792685146614315667378908854005194767746304019850694012 0 0 0 0 0 0 0 0 0 0 0 0 0 0 1 0 0 0 0 0 0 0 0 0 0 0 0 0 0 0 0 0 0 0 0 0 0 0 0 0 0 0 0 0 0 0 0 0 0]
[1269987345050942085865760059023266599846885647562636482324134193499039241103376808805919269131040616671188641581304115395060165178033722885798910946841 0 0 0 0 0 0 0 0 0 0 0 0 0 0 0 1 0 0 0 0 0 0 0 0 0 0 0 0 0 0 0 0 0 0 0 0 0 0 0 0 0 0 0 0 0 0 0 0 0]
[2311734440555655149328277342355101902841090046030263728502937184978013815811911292301313396178180717573446411882397909982476368403700425986733694727216 0 0 0 0 0 0 0 0 0 0 0 0 0 0 0 0 1 0 0 0 0 0 0 0 0 0 0 0 0 0 0 0 0 0 0 0 0 0 0 0 0 0 0 0 0 0 0 0 0]
[409023006745661976316893378249909893630166223864417491578539203743850249039641326753889766072669728060249489872722314318163724694615568626447350344623 0 0 0 0 0 0 0 0 0 0 0 0 0 0 0 0 0 1 0 0 0 0 0 0 0 0 0 0 0 0 0 0 0 0 0 0 0 0 0 0 0 0 0 0 0 0 0 0 0]
[574558055062647272895594417876446002540757934529183210548747894276437376691722962774977955315511093067669442129989359393445197774770204832469712457065 0 0 0 0 0 0 0 0 0 0 0 0 0 0 0 0 0 0 1 0 0 0 0 0 0 0 0 0 0 0 0 0 0 0 0 0 0 0 0 0 0 0 0 0 0 0 0 0 0]
[911719744912708998687939542436041305264212737807185676167652743694803603981505768045578431359066912350628126621380153278051550313001890980343925841883 0 0 0 0 0 0 0 0 0 0 0 0 0 0 0 0 0 0 0 1 0 0 0 0 0 0 0 0 0 0 0 0 0 0 0 0 0 0 0 0 0 0 0 0 0 0 0 0 0]
[1142488869094035649886413562752954590535208446790159661749913840898803481912368846985198363449035730402798540805496640357306998879077173692073177871338 0 0 0 0 0 0 0 0 0 0 0 0 0 0 0 0 0 0 0 0 1 0 0 0 0 0 0 0 0 0 0 0 0 0 0 0 0 0 0 0 0 0 0 0 0 0 0 0 0]
[1650840511578105046821044828532921182600470324246382888082084075418362202910790299488529872235419657630204871700971464522594827552421193172954873416916 0 0 0 0 0 0 0 0 0 0 0 0 0 0 0 0 0 0 0 0 0 1 0 0 0 0 0 0 0 0 0 0 0 0 0 0 0 0 0 0 0 0 0 0 0 0 0 0 0]
[1305987708415633162314338667798492467261142298461962870320043142733538677720606221614341218216617964972108401279475521292365271237680965678116225078754 0 0 0 0 0 0 0 0 0 0 0 0 0 0 0 0 0 0 0 0 0 0 1 0 0 0 0 0 0 0 0 0 0 0 0 0 0 0 0 0 0 0 0 0 0 0 0 0 0]
[2021985473538554330210151373359952635997352191411675874575972776779179278866236929982372903327785968012844423086111872061082458949572391644725128386380 0 0 0 0 0 0 0 0 0 0 0 0 0 0 0 0 0 0 0 0 0 0 0 1 0 0 0 0 0 0 0 0 0 0 0 0 0 0 0 0 0 0 0 0 0 0 0 0 0]
[1073930599658653559117612269153749040743960368691945784719434686835589221037881673647566665391507949674083232050110751313767836966935809245315373010790 0 0 0 0 0 0 0 0 0 0 0 0 0 0 0 0 0 0 0 0 0 0 0 0 1 0 0 0 0 0 0 0 0 0 0 0 0 0 0 0 0 0 0 0 0 0 0 0 0]
[2106022065904936856976340050345975746676258014500367460711031261660198146214748304287853770131528914575307632602780205498655984855409524127074040976198 0 0 0 0 0 0 0 0 0 0 0 0 0 0 0 0 0 0 0 0 0 0 0 0 0 1 0 0 0 0 0 0 0 0 0 0 0 0 0 0 0 0 0 0 0 0 0 0 0]
[1399795432699053077607782466170031649100554766961544882332845331576393506115460426627575943332129150503040444441683404751081424731537654041340759202540 0 0 0 0 0 0 0 0 0 0 0 0 0 0 0 0 0 0 0 0 0 0 0 0 0 0 1 0 0 0 0 0 0 0 0 0 0 0 0 0 0 0 0 0 0 0 0 0 0]
[1160429400172237766206246078166306356871982473908536029815032550438984105870872370163904566628252200803917247476923698452876925838136035495149989987333 0 0 0 0 0 0 0 0 0 0 0 0 0 0 0 0 0 0 0 0 0 0 0 0 0 0 0 1 0 0 0 0 0 0 0 0 0 0 0 0 0 0 0 0 0 0 0 0 0]
[2100643537142326818606061590207280429348678784497657064381620241420692414236906414422797506139719423108732449595648550429627466889214074254402856832636 0 0 0 0 0 0 0 0 0 0 0 0 0 0 0 0 0 0 0 0 0 0 0 0 0 0 0 0 1 0 0 0 0 0 0 0 0 0 0 0 0 0 0 0 0 0 0 0 0]
[1723053852425269982690845318395677515740819151610395828563444534590950248103894084626579715287135462649118749010144347070090330396942322684788641488262 0 0 0 0 0 0 0 0 0 0 0 0 0 0 0 0 0 0 0 0 0 0 0 0 0 0 0 0 0 1 0 0 0 0 0 0 0 0 0 0 0 0 0 0 0 0 0 0 0]
[2181148799206936891253040386358314535910026094941548556953894162952400795929942903972525786108182497143133956589778056021614880227844579803747708770845 0 0 0 0 0 0 0 0 0 0 0 0 0 0 0 0 0 0 0 0 0 0 0 0 0 0 0 0 0 0 1 0 0 0 0 0 0 0 0 0 0 0 0 0 0 0 0 0 0]
[2309639993430230700776151019453138950615650971408325128271170703556358724338880292979251454995776380365715876761310290928377795275001740811505702958942 0 0 0 0 0 0 0 0 0 0 0 0 0 0 0 0 0 0 0 0 0 0 0 0 0 0 0 0 0 0 0 1 0 0 0 0 0 0 0 0 0 0 0 0 0 0 0 0 0]
[2443938360790471499237441487436302434653952944143133922649586141191196904389041130652163905517285411747948794851383530985491267004077121152336115261369 0 0 0 0 0 0 0 0 0 0 0 0 0 0 0 0 0 0 0 0 0 0 0 0 0 0 0 0 0 0 0 0 1 0 0 0 0 0 0 0 0 0 0 0 0 0 0 0 0]
[2334991360163183878192449686523143015377605700124433536734656397928415662727484872386802797873417662726142942236113587194706250138901010044134913407056 0 0 0 0 0 0 0 0 0 0 0 0 0 0 0 0 0 0 0 0 0 0 0 0 0 0 0 0 0 0 0 0 0 1 0 0 0 0 0 0 0 0 0 0 0 0 0 0 0]
[1237110610405512368573025460577911589171418821412998854030491432366792466776703422535075385832129062622859894635368040516139827271735268139951073733365 0 0 0 0 0 0 0 0 0 0 0 0 0 0 0 0 0 0 0 0 0 0 0 0 0 0 0 0 0 0 0 0 0 0 1 0 0 0 0 0 0 0 0 0 0 0 0 0 0]
[1032408721901429053589447847294662656462178389003275703603849832340257114544760383660295974798095931456245780131854000489649592496743462580217559875005 0 0 0 0 0 0 0 0 0 0 0 0 0 0 0 0 0 0 0 0 0 0 0 0 0 0 0 0 0 0 0 0 0 0 0 1 0 0 0 0 0 0 0 0 0 0 0 0 0]
[1482803397505722287301319870145382791045559700268120839620486479895773209377264433129989606012022489821010756531898773602598881089787078143335372243390 0 0 0 0 0 0 0 0 0 0 0 0 0 0 0 0 0 0 0 0 0 0 0 0 0 0 0 0 0 0 0 0 0 0 0 0 1 0 0 0 0 0 0 0 0 0 0 0 0]
[349873668177865767259223857388512387605353241819199819307052257964223771354928027252986396777385380151312586800066251929296539302818781804921526409891 0 0 0 0 0 0 0 0 0 0 0 0 0 0 0 0 0 0 0 0 0 0 0 0 0 0 0 0 0 0 0 0 0 0 0 0 0 1 0 0 0 0 0 0 0 0 0 0 0]
[193037838401029806913262610627871846425872972341706731120916876806684137873174841990289672914544972734250836390827464222363018197690511444269196891461 0 0 0 0 0 0 0 0 0 0 0 0 0 0 0 0 0 0 0 0 0 0 0 0 0 0 0 0 0 0 0 0 0 0 0 0 0 0 1 0 0 0 0 0 0 0 0 0 0]
[1537090918061904987942310013302064708415750696480811488999330118168238143454972900841027167496682077983423891755113087208792024411989513737323302631085 0 0 0 0 0 0 0 0 0 0 0 0 0 0 0 0 0 0 0 0 0 0 0 0 0 0 0 0 0 0 0 0 0 0 0 0 0 0 0 1 0 0 0 0 0 0 0 0 0]
[715306742607350713372056637398086403588967560805279921984782307723332541680096985386734943237605743663687649263861253459003561547684251783343465530044 0 0 0 0 0 0 0 0 0 0 0 0 0 0 0 0 0 0 0 0 0 0 0 0 0 0 0 0 0 0 0 0 0 0 0 0 0 0 0 0 1 0 0 0 0 0 0 0 0]
[1834554964848964862467994151803279083694202971417948156058490874333171209312208995035950787653589188333683781965960637922008537766828069049900375601509 0 0 0 0 0 0 0 0 0 0 0 0 0 0 0 0 0 0 0 0 0 0 0 0 0 0 0 0 0 0 0 0 0 0 0 0 0 0 0 0 0 1 0 0 0 0 0 0 0]
[775481294595916950925910511869631245304995620450972733042044301680449843189635974298254773087579164139772308529472270897118993155865101109432480192346 0 0 0 0 0 0 0 0 0 0 0 0 0 0 0 0 0 0 0 0 0 0 0 0 0 0 0 0 0 0 0 0 0 0 0 0 0 0 0 0 0 0 1 0 0 0 0 0 0]
[1275471962580788303840918743879743161161435245523528500649488914326039047309901992662504730292900506892329329424101813639030682841641997841852021233538 0 0 0 0 0 0 0 0 0 0 0 0 0 0 0 0 0 0 0 0 0 0 0 0 0 0 0 0 0 0 0 0 0 0 0 0 0 0 0 0 0 0 0 1 0 0 0 0 0]
[1146972498417389247056165874478234998269873989281231994828577528336025750738810588139952678273717951644770729892991839996738275445792965765797495537809 0 0 0 0 0 0 0 0 0 0 0 0 0 0 0 0 0 0 0 0 0 0 0 0 0 0 0 0 0 0 0 0 0 0 0 0 0 0 0 0 0 0 0 0 1 0 0 0 0]
[1634221129378714481781636072807043116960572312940900057534077941747055782067803509261881216727077506564551253976880259051251406877973181336086158417216 0 0 0 0 0 0 0 0 0 0 0 0 0 0 0 0 0 0 0 0 0 0 0 0 0 0 0 0 0 0 0 0 0 0 0 0 0 0 0 0 0 0 0 0 0 1 0 0 0]
[2148917262025144780995450088703473995200227640302493107720578182429765751974223785505693490988477969819882923420104442123310791941010282207717104689362 0 0 0 0 0 0 0 0 0 0 0 0 0 0 0 0 0 0 0 0 0 0 0 0 0 0 0 0 0 0 0 0 0 0 0 0 0 0 0 0 0 0 0 0 0 0 1 0 0]
[1993725152182473004403454561779087855245528943474845500318547629775205480553966967148577387383449564041004106507497523844692764734886214402116084887597 0 0 0 0 0 0 0 0 0 0 0 0 0 0 0 0 0 0 0 0 0 0 0 0 0 0 0 0 0 0 0 0 0 0 0 0 0 0 0 0 0 0 0 0 0 0 0 1 0]
[2159520821456024579545797616360167028541156158794033930109569324823817279940221882316261538204794660429340951092442372687369932774937026284629197545821 0 0 0 0 0 0 0 0 0 0 0 0 0 0 0 0 0 0 0 0 0 0 0 0 0 0 0 0 0 0 0 0 0 0 0 0 0 0 0 0 0 0 0 0 0 0 0 0 1]
]

// 60 dim
[[2200324282465402131925685358637645569648113548014822906613764556996968522997071351928151857255783718521813200822245089034421741698616633689125623257111899804047103141520746226947763 0 0 0 0 0 0 0 0 0 0 0 0 0 0 0 0 0 0 0 0 0 0 0 0 0 0 0 0 0 0 0 0 0 0 0 0 0 0 0 0 0 0 0 0 0 0 0 0 0 0 0 0 0 0 0 0 0 0 0]
[900981566655303127257672836159561223618576063798347501868652403775688178711016905457042218167505193852610354112001098851484553724736329183125679163260871779752366103058549205561268 1 0 0 0 0 0 0 0 0 0 0 0 0 0 0 0 0 0 0 0 0 0 0 0 0 0 0 0 0 0 0 0 0 0 0 0 0 0 0 0 0 0 0 0 0 0 0 0 0 0 0 0 0 0 0 0 0 0 0]
[1141247984968076557014875914442163401665177630768033710924393891310309179752983191109194381159483065709965901465601140469064341471641518670258760049106093665236834338913924698904790 0 1 0 0 0 0 0 0 0 0 0 0 0 0 0 0 0 0 0 0 0 0 0 0 0 0 0 0 0 0 0 0 0 0 0 0 0 0 0 0 0 0 0 0 0 0 0 0 0 0 0 0 0 0 0 0 0 0 0]
[1021610920660179433275221992993543564166783155388112947925216311940951291585090585511310454126104363892979236060588043199528990253072137415367146618007787657711001329276099825356496 0 0 1 0 0 0 0 0 0 0 0 0 0 0 0 0 0 0 0 0 0 0 0 0 0 0 0 0 0 0 0 0 0 0 0 0 0 0 0 0 0 0 0 0 0 0 0 0 0 0 0 0 0 0 0 0 0 0 0]
[320770888954955910777675390921790145102117374554604337732215059006866616830776550082321089300605343229826953709419982089619518239463774877007173545981429844197896279359102725777743 0 0 0 1 0 0 0 0 0 0 0 0 0 0 0 0 0 0 0 0 0 0 0 0 0 0 0 0 0 0 0 0 0 0 0 0 0 0 0 0 0 0 0 0 0 0 0 0 0 0 0 0 0 0 0 0 0 0 0]
[1317572042043686961868328532424804755324069864182783438046381974357692127008415158156884971829546841076874170042774785298313977483270130065443900290774014109197447076628339802079297 0 0 0 0 1 0 0 0 0 0 0 0 0 0 0 0 0 0 0 0 0 0 0 0 0 0 0 0 0 0 0 0 0 0 0 0 0 0 0 0 0 0 0 0 0 0 0 0 0 0 0 0 0 0 0 0 0 0 0]
[1504950688570364553496915310604807033082907159846505817698784700476162331718164739911337699417320101570171115100703848520827871100078469071651263794127818429245504631265251863965790 0 0 0 0 0 1 0 0 0 0 0 0 0 0 0 0 0 0 0 0 0 0 0 0 0 0 0 0 0 0 0 0 0 0 0 0 0 0 0 0 0 0 0 0 0 0 0 0 0 0 0 0 0 0 0 0 0 0 0]
[1006171164661492805823460295425767497005501219137942112653384654167282926675945775980653538766901097482772047817889437435768480208123518811379118377534137591190998955676554037055685 0 0 0 0 0 0 1 0 0 0 0 0 0 0 0 0 0 0 0 0 0 0 0 0 0 0 0 0 0 0 0 0 0 0 0 0 0 0 0 0 0 0 0 0 0 0 0 0 0 0 0 0 0 0 0 0 0 0 0]
[442761833455414047858710717239902358983424047414963069044128075095157318704054887590431654698812966059925727417378640666815627157082816925702451295547620336355051916217982917594640 0 0 0 0 0 0 0 1 0 0 0 0 0 0 0 0 0 0 0 0 0 0 0 0 0 0 0 0 0 0 0 0 0 0 0 0 0 0 0 0 0 0 0 0 0 0 0 0 0 0 0 0 0 0 0 0 0 0 0]
[1172746492998025992511829042731318323452007394235725528395176486973822870216076267551062907742321809192284418056056189579755334751847567566162976673553636064832141050551845850084292 0 0 0 0 0 0 0 0 1 0 0 0 0 0 0 0 0 0 0 0 0 0 0 0 0 0 0 0 0 0 0 0 0 0 0 0 0 0 0 0 0 0 0 0 0 0 0 0 0 0 0 0 0 0 0 0 0 0 0]
[1328234654088466349763035907813797622291970985299395949607465492168575148188426458115594982914653747664585942469455245308270068874815834841127248756573692822423051811411515525327760 0 0 0 0 0 0 0 0 0 1 0 0 0 0 0 0 0 0 0 0 0 0 0 0 0 0 0 0 0 0 0 0 0 0 0 0 0 0 0 0 0 0 0 0 0 0 0 0 0 0 0 0 0 0 0 0 0 0 0]
[732657325546910662511366877233797436287587726586887610965093867796523797079970629478270778178091228951542413762581033493388071984358055882962058341323798366513640544882024140595420 0 0 0 0 0 0 0 0 0 0 1 0 0 0 0 0 0 0 0 0 0 0 0 0 0 0 0 0 0 0 0 0 0 0 0 0 0 0 0 0 0 0 0 0 0 0 0 0 0 0 0 0 0 0 0 0 0 0 0]
[1635582330767022208403056186702011666771304138022187421358168905729559952445358082330476423317738794889259730627933189370047166777068371124013251878571325860357086244105772733033600 0 0 0 0 0 0 0 0 0 0 0 1 0 0 0 0 0 0 0 0 0 0 0 0 0 0 0 0 0 0 0 0 0 0 0 0 0 0 0 0 0 0 0 0 0 0 0 0 0 0 0 0 0 0 0 0 0 0 0]
[102151893005345402396745446759619299283262727778470013286292202260376626357443964233289240636160243164166769702452731405105985243014572230135363176732288687767260962553024212004596 0 0 0 0 0 0 0 0 0 0 0 0 1 0 0 0 0 0 0 0 0 0 0 0 0 0 0 0 0 0 0 0 0 0 0 0 0 0 0 0 0 0 0 0 0 0 0 0 0 0 0 0 0 0 0 0 0 0 0]
[67222477067418082555736848476022384269922716671005273223797321855822898805967126108447041916214641809716484901547381477735914715447712715798126174211217175654802967461597537809368 0 0 0 0 0 0 0 0 0 0 0 0 0 1 0 0 0 0 0 0 0 0 0 0 0 0 0 0 0 0 0 0 0 0 0 0 0 0 0 0 0 0 0 0 0 0 0 0 0 0 0 0 0 0 0 0 0 0 0]
[2085762920712350035614469276694349141104654751672676863788889419611935989307990368795317370541367825997002915266083311788963679937366299112411808123338534507137413735085118738404856 0 0 0 0 0 0 0 0 0 0 0 0 0 0 1 0 0 0 0 0 0 0 0 0 0 0 0 0 0 0 0 0 0 0 0 0 0 0 0 0 0 0 0 0 0 0 0 0 0 0 0 0 0 0 0 0 0 0 0]
[1773650969611748175006186643064949549096185896529187835008289652341123491588494287994626684490071702268677853155392942781841494146505378788622741708253928893396487525141478571396402 0 0 0 0 0 0 0 0 0 0 0 0 0 0 0 1 0 0 0 0 0 0 0 0 0 0 0 0 0 0 0 0 0 0 0 0 0 0 0 0 0 0 0 0 0 0 0 0 0 0 0 0 0 0 0 0 0 0 0]
[658992447267986947961087099932748781971291539876972552716738561935763298860758936601765649502768396469496908467218869971130871118719817364111354600408827810053872954579311317287828 0 0 0 0 0 0 0 0 0 0 0 0 0 0 0 0 1 0 0 0 0 0 0 0 0 0 0 0 0 0 0 0 0 0 0 0 0 0 0 0 0 0 0 0 0 0 0 0 0 0 0 0 0 0 0 0 0 0 0]
[277574811093663190148720826793396730324486929331483642575351068962107499591562733239966766842542464727285394495745666376406607294279846934754524206247945338510662146544265139556032 0 0 0 0 0 0 0 0 0 0 0 0 0 0 0 0 0 1 0 0 0 0 0 0 0 0 0 0 0 0 0 0 0 0 0 0 0 0 0 0 0 0 0 0 0 0 0 0 0 0 0 0 0 0 0 0 0 0 0]
[1147278574964234096182743676595851489933387217219116543015421617178485998637635959735585592018194520680503353739927914872420023232267240234993047839658830651000990251430206607998507 0 0 0 0 0 0 0 0 0 0 0 0 0 0 0 0 0 0 1 0 0 0 0 0 0 0 0 0 0 0 0 0 0 0 0 0 0 0 0 0 0 0 0 0 0 0 0 0 0 0 0 0 0 0 0 0 0 0 0]
[960338221074202123493413135318093448785466571114724697694791509889125798815246277976208749510463697793665469424140094532486257353444402674909351099297641924117897267395896393359554 0 0 0 0 0 0 0 0 0 0 0 0 0 0 0 0 0 0 0 1 0 0 0 0 0 0 0 0 0 0 0 0 0 0 0 0 0 0 0 0 0 0 0 0 0 0 0 0 0 0 0 0 0 0 0 0 0 0 0]
[1658709585691697037194773695531274227688866217045072359590557643834061144816624947754908623751987192666849316402084958025438753607328625802003073597609837984927451709440080483512591 0 0 0 0 0 0 0 0 0 0 0 0 0 0 0 0 0 0 0 0 1 0 0 0 0 0 0 0 0 0 0 0 0 0 0 0 0 0 0 0 0 0 0 0 0 0 0 0 0 0 0 0 0 0 0 0 0 0 0]
[148965506123311913831516542028397709394819726409155341045489256702045258897558311440098643284139908973320792075588311354489121986885848236835696791928458998493411607352623321531938 0 0 0 0 0 0 0 0 0 0 0 0 0 0 0 0 0 0 0 0 0 1 0 0 0 0 0 0 0 0 0 0 0 0 0 0 0 0 0 0 0 0 0 0 0 0 0 0 0 0 0 0 0 0 0 0 0 0 0]
[343895682699933888185023280433542390359779469755605082048280055454412669833210245951284378001060681486716218211413624055749511982061400839403786054392183564314842819123894722685837 0 0 0 0 0 0 0 0 0 0 0 0 0 0 0 0 0 0 0 0 0 0 1 0 0 0 0 0 0 0 0 0 0 0 0 0 0 0 0 0 0 0 0 0 0 0 0 0 0 0 0 0 0 0 0 0 0 0 0]
[326797864323838729863580890220634927699224896935663497601714512035823921319468291485741771722230874691201771899668946868488497134544978275124008359402026720312315770925070984949520 0 0 0 0 0 0 0 0 0 0 0 0 0 0 0 0 0 0 0 0 0 0 0 1 0 0 0 0 0 0 0 0 0 0 0 0 0 0 0 0 0 0 0 0 0 0 0 0 0 0 0 0 0 0 0 0 0 0 0]
[474117153088132220000090161515718261783946201947638944610250677691117445640305334109863183070607359121766137845988525501827061640763302633490121152615154181854946487293668550404204 0 0 0 0 0 0 0 0 0 0 0 0 0 0 0 0 0 0 0 0 0 0 0 0 1 0 0 0 0 0 0 0 0 0 0 0 0 0 0 0 0 0 0 0 0 0 0 0 0 0 0 0 0 0 0 0 0 0 0]
[1716002346326351454077270102666539009195109123165791869441477282477069447755068306480392364405720722658662088946832841137422619996323907286095117224762972704248492890064118171863880 0 0 0 0 0 0 0 0 0 0 0 0 0 0 0 0 0 0 0 0 0 0 0 0 0 1 0 0 0 0 0 0 0 0 0 0 0 0 0 0 0 0 0 0 0 0 0 0 0 0 0 0 0 0 0 0 0 0 0]
[361063013513980370679807031345923697130509937771022438623415809812807639225831276765182109027289877915350325750454654643816393797935726259658044945176771937464719601002403318126349 0 0 0 0 0 0 0 0 0 0 0 0 0 0 0 0 0 0 0 0 0 0 0 0 0 0 1 0 0 0 0 0 0 0 0 0 0 0 0 0 0 0 0 0 0 0 0 0 0 0 0 0 0 0 0 0 0 0 0]
[96826816778538647888320482724955060919464273971611883046045554598958123057716551358314795151906678390739586800521451644073582334416303690864410192442351457022432460448895524076929 0 0 0 0 0 0 0 0 0 0 0 0 0 0 0 0 0 0 0 0 0 0 0 0 0 0 0 1 0 0 0 0 0 0 0 0 0 0 0 0 0 0 0 0 0 0 0 0 0 0 0 0 0 0 0 0 0 0 0]
[462951250577644102334042922091981519930241736289750154872538847456437124114814534786811879479641249705866052912913662608486979744189383245357326544169279545066789658434014015379719 0 0 0 0 0 0 0 0 0 0 0 0 0 0 0 0 0 0 0 0 0 0 0 0 0 0 0 0 1 0 0 0 0 0 0 0 0 0 0 0 0 0 0 0 0 0 0 0 0 0 0 0 0 0 0 0 0 0 0]
[194482799587159974660928243035641291769869941943501231896254305538490884113532752306306687619169964818272320371536851718421508534842363890584459254751837611638810550968596744224101 0 0 0 0 0 0 0 0 0 0 0 0 0 0 0 0 0 0 0 0 0 0 0 0 0 0 0 0 0 1 0 0 0 0 0 0 0 0 0 0 0 0 0 0 0 0 0 0 0 0 0 0 0 0 0 0 0 0 0]
[1254010922532426991128081692116083311707561271484150739797981988681538393344030584425607017034392360383832868020599632162406470952489672038425216783424001529301340528352525920436071 0 0 0 0 0 0 0 0 0 0 0 0 0 0 0 0 0 0 0 0 0 0 0 0 0 0 0 0 0 0 1 0 0 0 0 0 0 0 0 0 0 0 0 0 0 0 0 0 0 0 0 0 0 0 0 0 0 0 0]
[1853051853610836820447696150977496108021984611302671221535477210810990438793505062230314595484124585618965641947603672868178795067272033384545414019645986653342455109607817558965146 0 0 0 0 0 0 0 0 0 0 0 0 0 0 0 0 0 0 0 0 0 0 0 0 0 0 0 0 0 0 0 1 0 0 0 0 0 0 0 0 0 0 0 0 0 0 0 0 0 0 0 0 0 0 0 0 0 0 0]
[441919924763465846402152044108585412405536197892946896404225201940952787804431645069574850209333092043954472311518458043704780356834854908708954449977043516746028515766702735466378 0 0 0 0 0 0 0 0 0 0 0 0 0 0 0 0 0 0 0 0 0 0 0 0 0 0 0 0 0 0 0 0 1 0 0 0 0 0 0 0 0 0 0 0 0 0 0 0 0 0 0 0 0 0 0 0 0 0 0]
[1204398547582597278054262520537062367279301250207260088101645719508483338416163239121014924206121108642348781139772132014467635064546543430389171630532477966428097771431520216715062 0 0 0 0 0 0 0 0 0 0 0 0 0 0 0 0 0 0 0 0 0 0 0 0 0 0 0 0 0 0 0 0 0 1 0 0 0 0 0 0 0 0 0 0 0 0 0 0 0 0 0 0 0 0 0 0 0 0 0]
[268482886102412840194873143845706459238186778834249515472083327136801126384264981167164400468190325409630448925523096704742931510676334846081930155232190907500921935412911385611657 0 0 0 0 0 0 0 0 0 0 0 0 0 0 0 0 0 0 0 0 0 0 0 0 0 0 0 0 0 0 0 0 0 0 1 0 0 0 0 0 0 0 0 0 0 0 0 0 0 0 0 0 0 0 0 0 0 0 0]
[1012774234059150160501777544910083975449922012852691326371752610571969506620863856684349798092535711338827120559389578662695076216704719892984859611663912890490334627046575651193285 0 0 0 0 0 0 0 0 0 0 0 0 0 0 0 0 0 0 0 0 0 0 0 0 0 0 0 0 0 0 0 0 0 0 0 1 0 0 0 0 0 0 0 0 0 0 0 0 0 0 0 0 0 0 0 0 0 0 0]
[1986371941240205669449242890427487766624061683382911151083813758398246601817156035256979616431230252116227011009497623352524087625833792400837786264505809952070503222845072915579532 0 0 0 0 0 0 0 0 0 0 0 0 0 0 0 0 0 0 0 0 0 0 0 0 0 0 0 0 0 0 0 0 0 0 0 0 1 0 0 0 0 0 0 0 0 0 0 0 0 0 0 0 0 0 0 0 0 0 0]
[429340189142148131929605599793323826567143823640327690236023008913670814037921156618210264910114490563776926992376368923272723716796862334863612593766946759248304739804285139275902 0 0 0 0 0 0 0 0 0 0 0 0 0 0 0 0 0 0 0 0 0 0 0 0 0 0 0 0 0 0 0 0 0 0 0 0 0 1 0 0 0 0 0 0 0 0 0 0 0 0 0 0 0 0 0 0 0 0 0]
[784500508791183933016583256217663965344609369660652934045624944189112268426739302504998401793831502164439993277526233432043789916118831390974349387791298184793843147553894164388009 0 0 0 0 0 0 0 0 0 0 0 0 0 0 0 0 0 0 0 0 0 0 0 0 0 0 0 0 0 0 0 0 0 0 0 0 0 0 1 0 0 0 0 0 0 0 0 0 0 0 0 0 0 0 0 0 0 0 0]
[733051277068639578843765340496289957432596412092061913727779706837797870865696981181864051076742021737057266170518872302260889816880746504454375447748545001348956521668864602221808 0 0 0 0 0 0 0 0 0 0 0 0 0 0 0 0 0 0 0 0 0 0 0 0 0 0 0 0 0 0 0 0 0 0 0 0 0 0 0 1 0 0 0 0 0 0 0 0 0 0 0 0 0 0 0 0 0 0 0]
[1103845921908708820923061522603660158633455002223323480810341597678950637176298173191609870862320636961490788264011579671020339250483165857044926216989637269831042144080218704726194 0 0 0 0 0 0 0 0 0 0 0 0 0 0 0 0 0 0 0 0 0 0 0 0 0 0 0 0 0 0 0 0 0 0 0 0 0 0 0 0 1 0 0 0 0 0 0 0 0 0 0 0 0 0 0 0 0 0 0]
[402458486541119117007260938053213552999426775908671157816941582826747837743684518137083840181895994807581602143727734707065838992391385528735885822243868377581264530865556430226016 0 0 0 0 0 0 0 0 0 0 0 0 0 0 0 0 0 0 0 0 0 0 0 0 0 0 0 0 0 0 0 0 0 0 0 0 0 0 0 0 0 1 0 0 0 0 0 0 0 0 0 0 0 0 0 0 0 0 0]
[859214892238157907007787604973454503805479148432879690755198264386308824894822481311853027134645405213304549080364471248252794014154865218547025424487375220525141480493920581332734 0 0 0 0 0 0 0 0 0 0 0 0 0 0 0 0 0 0 0 0 0 0 0 0 0 0 0 0 0 0 0 0 0 0 0 0 0 0 0 0 0 0 1 0 0 0 0 0 0 0 0 0 0 0 0 0 0 0 0]
[246014638450600006785785101781706119433207896926433882957838523431626983321179518978366495468622335950824936587441113875678808166093208119190197675998792072264928788213316910256597 0 0 0 0 0 0 0 0 0 0 0 0 0 0 0 0 0 0 0 0 0 0 0 0 0 0 0 0 0 0 0 0 0 0 0 0 0 0 0 0 0 0 0 1 0 0 0 0 0 0 0 0 0 0 0 0 0 0 0]
[103523416504298185696174779678285437656341150479706068741779108627043975982250441529956728067170089638388072899674141532727861423845018000732544300129146832527615754331488949600343 0 0 0 0 0 0 0 0 0 0 0 0 0 0 0 0 0 0 0 0 0 0 0 0 0 0 0 0 0 0 0 0 0 0 0 0 0 0 0 0 0 0 0 0 1 0 0 0 0 0 0 0 0 0 0 0 0 0 0]
[205976818051221077328588642526055295506306818378613769144833554130993322512035862431535217367039457777762228744736949085700030437096528025884490723776058398966254734478336722921336 0 0 0 0 0 0 0 0 0 0 0 0 0 0 0 0 0 0 0 0 0 0 0 0 0 0 0 0 0 0 0 0 0 0 0 0 0 0 0 0 0 0 0 0 0 1 0 0 0 0 0 0 0 0 0 0 0 0 0]
[1456812164011134953571352870126224631748876127331320726024692194472556881567300478355961977367807960792889801896378579842964943388611922358232657306767680708936439281559511215233631 0 0 0 0 0 0 0 0 0 0 0 0 0 0 0 0 0 0 0 0 0 0 0 0 0 0 0 0 0 0 0 0 0 0 0 0 0 0 0 0 0 0 0 0 0 0 1 0 0 0 0 0 0 0 0 0 0 0 0]
[1298186891576571729002263727154439440600288922198582589596302710272276464099183435041193419010212158331823328113128233079519528942640029753117398567768445625960246458510056785931580 0 0 0 0 0 0 0 0 0 0 0 0 0 0 0 0 0 0 0 0 0 0 0 0 0 0 0 0 0 0 0 0 0 0 0 0 0 0 0 0 0 0 0 0 0 0 0 1 0 0 0 0 0 0 0 0 0 0 0]
[806466018689422617973915802685341755013442630847105283304694267173554922892379566776834511159931692443862907531134174546103331930547629382649220781272390237397941926590430163659456 0 0 0 0 0 0 0 0 0 0 0 0 0 0 0 0 0 0 0 0 0 0 0 0 0 0 0 0 0 0 0 0 0 0 0 0 0 0 0 0 0 0 0 0 0 0 0 0 1 0 0 0 0 0 0 0 0 0 0]
[216307230113872599459809522138256027098730341159234003557487792074124934310786539380071106498150866195649274838332143952695668538004999368204666977006958017569787311356913033605807 0 0 0 0 0 0 0 0 0 0 0 0 0 0 0 0 0 0 0 0 0 0 0 0 0 0 0 0 0 0 0 0 0 0 0 0 0 0 0 0 0 0 0 0 0 0 0 0 0 1 0 0 0 0 0 0 0 0 0]
[2056289132855435199694474047409284626434037301518905593463536852920806563248166718836527912126367755881894456346267508721771095914949803269980366595784719960165697091122596598968744 0 0 0 0 0 0 0 0 0 0 0 0 0 0 0 0 0 0 0 0 0 0 0 0 0 0 0 0 0 0 0 0 0 0 0 0 0 0 0 0 0 0 0 0 0 0 0 0 0 0 1 0 0 0 0 0 0 0 0]
[135167211356991900994911783593999885377229329418043025359583418323292151850503246516577993611465669517513744046772227266524959236622095154186733217055011604793990190973482713610921 0 0 0 0 0 0 0 0 0 0 0 0 0 0 0 0 0 0 0 0 0 0 0 0 0 0 0 0 0 0 0 0 0 0 0 0 0 0 0 0 0 0 0 0 0 0 0 0 0 0 0 1 0 0 0 0 0 0 0]
[325112365351745061459936921043144747501787829784345810365451022930144564319498109996374740359494409697842233283658881019572617473464773285540683135914047064105286715378337727261900 0 0 0 0 0 0 0 0 0 0 0 0 0 0 0 0 0 0 0 0 0 0 0 0 0 0 0 0 0 0 0 0 0 0 0 0 0 0 0 0 0 0 0 0 0 0 0 0 0 0 0 0 1 0 0 0 0 0 0]
[1191749704231404751394515609883544026597432566723116862053173286609047006775633050584203896767027617507146263124504067357143988661532087100392230509719447009452242766401389050779866 0 0 0 0 0 0 0 0 0 0 0 0 0 0 0 0 0 0 0 0 0 0 0 0 0 0 0 0 0 0 0 0 0 0 0 0 0 0 0 0 0 0 0 0 0 0 0 0 0 0 0 0 0 1 0 0 0 0 0]
[1245110814418538473265190072340464235131930942222793219555077761402513062555822111489066054686379603526793604806583921229322104699316315690302971114593640562019294936016120878139396 0 0 0 0 0 0 0 0 0 0 0 0 0 0 0 0 0 0 0 0 0 0 0 0 0 0 0 0 0 0 0 0 0 0 0 0 0 0 0 0 0 0 0 0 0 0 0 0 0 0 0 0 0 0 1 0 0 0 0]
[321284582555266043741591633586613705831044633723599606871583074882190302189197623159026505793182819140029246016973433766741118707440525001098545125782619559593413301662831051436798 0 0 0 0 0 0 0 0 0 0 0 0 0 0 0 0 0 0 0 0 0 0 0 0 0 0 0 0 0 0 0 0 0 0 0 0 0 0 0 0 0 0 0 0 0 0 0 0 0 0 0 0 0 0 0 1 0 0 0]
[1368243258224481026141997619703540148715751706217011525508596677234768962781479776818346840244660891610172786113467529637919082308824228133598400652557358081656684304084878201637256 0 0 0 0 0 0 0 0 0 0 0 0 0 0 0 0 0 0 0 0 0 0 0 0 0 0 0 0 0 0 0 0 0 0 0 0 0 0 0 0 0 0 0 0 0 0 0 0 0 0 0 0 0 0 0 0 1 0 0]
[829700222053100686756524577730986222558805963081902363151137403290642622684384579283573232435423619684894422346752537421027279211478330553608502433290219706571232577042241949075224 0 0 0 0 0 0 0 0 0 0 0 0 0 0 0 0 0 0 0 0 0 0 0 0 0 0 0 0 0 0 0 0 0 0 0 0 0 0 0 0 0 0 0 0 0 0 0 0 0 0 0 0 0 0 0 0 0 1 0]
[859647610904375037963934021374481590473967538430677424412518307694827602582821197077342403348394733008810897001851160626433154171415481747055433424726921056664972015693364188101322 0 0 0 0 0 0 0 0 0 0 0 0 0 0 0 0 0 0 0 0 0 0 0 0 0 0 0 0 0 0 0 0 0 0 0 0 0 0 0 0 0 0 0 0 0 0 0 0 0 0 0 0 0 0 0 0 0 0 1]
]