[[4029593451767887342424705376660144350925714809963086196625214375282908833716658559815048668880447111462917300041554294666547046747429331287833179385786496688150838800906085744790710570762199169 0 0 0 0 0 0 0 0 0 0 0 0 0 0 0 0 0 0 0 0 0 0 0 0 0 0 0 0 0 0 0 0 0 0 0 0 0 0 0 0 0 0 0 0 0 0 0 0 0 0 0 0 0 0 0 0 0 0 0 0 0 0 0]
[2934858437499298597768301813909894709159109524953758518807850101511388097513625739355673396123677800769075933165040901020858858399037219039921542506468137451373330991584445560043600267976243372 1 0 0 0 0 0 0 0 0 0 0 0 0 0 0 0 0 0 0 0 0 0 0 0 0 0 0 0 0 0 0 0 0 0 0 0 0 0 0 0 0 0 0 0 0 0 0 0 0 0 0 0 0 0 0 0 0 0 0 0 0 0 0]
[2552611682096995921346803765179497024015518379617240784939573794769720475358033300473797766329123760851255604773929478332410419346203280397781223622656106500129397502828891689378876144253816408 0 1 0 0 0 0 0 0 0 0 0 0 0 0 0 0 0 0 0 0 0 0 0 0 0 0 0 0 0 0 0 0 0 0 0 0 0 0 0 0 0 0 0 0 0 0 0 0 0 0 0 0 0 0 0 0 0 0 0 0 0 0 0]
[1010780718852146188707138614663095702227249235310740690605519227991882572106160267513069475014816978245041975212577439997826741550577030169073591767709186662415146291029831936957225771623101786 0 0 1 0 0 0 0 0 0 0 0 0 0 0 0 0 0 0 0 0 0 0 0 0 0 0 0 0 0 0 0 0 0 0 0 0 0 0 0 0 0 0 0 0 0 0 0 0 0 0 0 0 0 0 0 0 0 0 0 0 0 0 0]
[3857181963174070953458844046960947816315377906926739606070256579761823829735491896077256682149958292824149644695668152947897837377456795157623290294292392191631725239335268104646030475917150880 0 0 0 1 0 0 0 0 0 0 0 0 0 0 0 0 0 0 0 0 0 0 0 0 0 0 0 0 0 0 0 0 0 0 0 0 0 0 0 0 0 0 0 0 0 0 0 0 0 0 0 0 0 0 0 0 0 0 0 0 0 0 0]
[848829403563220146124732458389184882012414414108091423852191869147846404024931649321291584326107548218048212407167624772913357254537040207915247933842942656856557102166320378776155684315433466 0 0 0 0 1 0 0 0 0 0 0 0 0 0 0 0 0 0 0 0 0 0 0 0 0 0 0 0 0 0 0 0 0 0 0 0 0 0 0 0 0 0 0 0 0 0 0 0 0 0 0 0 0 0 0 0 0 0 0 0 0 0 0]
[2250232347406024448724031461580907469770922819170037318196451992289301037986061421974755942480940214751513340385763711074813548044371576179789331827153454520643351137129508267276557267410708610 0 0 0 0 0 1 0 0 0 0 0 0 0 0 0 0 0 0 0 0 0 0 0 0 0 0 0 0 0 0 0 0 0 0 0 0 0 0 0 0 0 0 0 0 0 0 0 0 0 0 0 0 0 0 0 0 0 0 0 0 0 0 0]
[2713236611490179439749129525596390688984938458864314623699139837217824533570613681128750715756852242656333456191392115963493777457887531052716808100778021299711443536237817598199892540241819916 0 0 0 0 0 0 1 0 0 0 0 0 0 0 0 0 0 0 0 0 0 0 0 0 0 0 0 0 0 0 0 0 0 0 0 0 0 0 0 0 0 0 0 0 0 0 0 0 0 0 0 0 0 0 0 0 0 0 0 0 0 0 0]
[1519342658208304245084788451883534154723243328635041448004616058521511101782329734272950027445606015564266189706279067677583976668978411977175091667225709042386986588140541666456797778456029119 0 0 0 0 0 0 0 1 0 0 0 0 0 0 0 0 0 0 0 0 0 0 0 0 0 0 0 0 0 0 0 0 0 0 0 0 0 0 0 0 0 0 0 0 0 0 0 0 0 0 0 0 0 0 0 0 0 0 0 0 0 0 0]
[1831239245978252111434467471997525341753345830260520020036656993973216599887312045603375529752435940830218098602012680092832273896492441971183025048991101622147679594752055775455194600466794370 0 0 0 0 0 0 0 0 1 0 0 0 0 0 0 0 0 0 0 0 0 0 0 0 0 0 0 0 0 0 0 0 0 0 0 0 0 0 0 0 0 0 0 0 0 0 0 0 0 0 0 0 0 0 0 0 0 0 0 0 0 0 0]
[1303886578773412384624773214863483781888382229632452875139703566296672841652720539452490888984629982143630504209159452161969232897064903460933765604949493087433530472598866095053660648627978174 0 0 0 0 0 0 0 0 0 1 0 0 0 0 0 0 0 0 0 0 0 0 0 0 0 0 0 0 0 0 0 0 0 0 0 0 0 0 0 0 0 0 0 0 0 0 0 0 0 0 0 0 0 0 0 0 0 0 0 0 0 0 0]
[3615818388865615297938138263830377207062421103276220831062577310683522608156318566074127965809093596371109382824622920784783417636357879962637463379349257978310929967491282394423163610906135268 0 0 0 0 0 0 0 0 0 0 1 0 0 0 0 0 0 0 0 0 0 0 0 0 0 0 0 0 0 0 0 0 0 0 0 0 0 0 0 0 0 0 0 0 0 0 0 0 0 0 0 0 0 0 0 0 0 0 0 0 0 0 0]
[699341262351661165730068223472853641334211261256986033810355216290489634092535470743122858120368667805063240882928974316377164954320091224089743839261926994934277913131546465824509266219196922 0 0 0 0 0 0 0 0 0 0 0 1 0 0 0 0 0 0 0 0 0 0 0 0 0 0 0 0 0 0 0 0 0 0 0 0 0 0 0 0 0 0 0 0 0 0 0 0 0 0 0 0 0 0 0 0 0 0 0 0 0 0 0]
[3731026278863927764400320734178336433285528376752185126384867878351168674469870953593342861763784232389269804032375713281819005293307041693800756108394874077891562730989922060136087865853218818 0 0 0 0 0 0 0 0 0 0 0 0 1 0 0 0 0 0 0 0 0 0 0 0 0 0 0 0 0 0 0 0 0 0 0 0 0 0 0 0 0 0 0 0 0 0 0 0 0 0 0 0 0 0 0 0 0 0 0 0 0 0 0]
[2488662085962740023474099503876055051330703088828265316659907022114888926798735781538488731860759605075192985695195070816283762105999427494586965707386533911580553967304100552305279495968671939 0 0 0 0 0 0 0 0 0 0 0 0 0 1 0 0 0 0 0 0 0 0 0 0 0 0 0 0 0 0 0 0 0 0 0 0 0 0 0 0 0 0 0 0 0 0 0 0 0 0 0 0 0 0 0 0 0 0 0 0 0 0 0]
[3391568952945411883033556832170402784011092482247848953565105140580711417214519022800458744368358569587747200087635541838224901371525075439072787552283172717095555088261954619543513701697330059 0 0 0 0 0 0 0 0 0 0 0 0 0 0 1 0 0 0 0 0 0 0 0 0 0 0 0 0 0 0 0 0 0 0 0 0 0 0 0 0 0 0 0 0 0 0 0 0 0 0 0 0 0 0 0 0 0 0 0 0 0 0 0]
[1388215241524363172179539330810561175302272257890899501970561344903134449220151468076740076009960726297567291605314745986768303837155412719013506851611900437315752257289034591392334114994624761 0 0 0 0 0 0 0 0 0 0 0 0 0 0 0 1 0 0 0 0 0 0 0 0 0 0 0 0 0 0 0 0 0 0 0 0 0 0 0 0 0 0 0 0 0 0 0 0 0 0 0 0 0 0 0 0 0 0 0 0 0 0 0]
[1172939682835436922919432092756234279810050291546192556731315263810179668039493084506089895789847310864740779627736631236377478289182020935036901349649873411349125410012073617063868468865439695 0 0 0 0 0 0 0 0 0 0 0 0 0 0 0 0 1 0 0 0 0 0 0 0 0 0 0 0 0 0 0 0 0 0 0 0 0 0 0 0 0 0 0 0 0 0 0 0 0 0 0 0 0 0 0 0 0 0 0 0 0 0 0]
[3694660003207572394619750386390746670337497347810900794868932222374893753468394635837603610629874466898649281620957267614542827793917184643858852691404230382294419707940237045480769489128919752 0 0 0 0 0 0 0 0 0 0 0 0 0 0 0 0 0 1 0 0 0 0 0 0 0 0 0 0 0 0 0 0 0 0 0 0 0 0 0 0 0 0 0 0 0 0 0 0 0 0 0 0 0 0 0 0 0 0 0 0 0 0 0]
[93681347362100603341207401140405119894728654433253538095452642859223187213121677852778658596210794060624919033712025269847405938855219302510509042052917061501673807198932332815067232971973778 0 0 0 0 0 0 0 0 0 0 0 0 0 0 0 0 0 0 1 0 0 0 0 0 0 0 0 0 0 0 0 0 0 0 0 0 0 0 0 0 0 0 0 0 0 0 0 0 0 0 0 0 0 0 0 0 0 0 0 0 0 0 0]
[9788918740565145870394821555387744316805801311659153434369865060538876421331348036402002121588814308279282591858020560427548410978604761964002249453597577446227017790478210671778082918477787 0 0 0 0 0 0 0 0 0 0 0 0 0 0 0 0 0 0 0 1 0 0 0 0 0 0 0 0 0 0 0 0 0 0 0 0 0 0 0 0 0 0 0 0 0 0 0 0 0 0 0 0 0 0 0 0 0 0 0 0 0 0 0]
[727578252696979216563877798415711942363670133673875038375907886720040251405468509365106653096848335470214017678295148570693846760030466758256806450499319922272795583620592914416803658129845814 0 0 0 0 0 0 0 0 0 0 0 0 0 0 0 0 0 0 0 0 1 0 0 0 0 0 0 0 0 0 0 0 0 0 0 0 0 0 0 0 0 0 0 0 0 0 0 0 0 0 0 0 0 0 0 0 0 0 0 0 0 0 0]
[2942028332559010281704337455012814538162919770426668404160499383080653078314310133748594545706136562863507922752728764317278067896536084595045150272803271481889256747211449708147095516108871027 0 0 0 0 0 0 0 0 0 0 0 0 0 0 0 0 0 0 0 0 0 1 0 0 0 0 0 0 0 0 0 0 0 0 0 0 0 0 0 0 0 0 0 0 0 0 0 0 0 0 0 0 0 0 0 0 0 0 0 0 0 0 0]
[88501499922805955635946427559696208615531405079165896879782057567495317894764441047170978386039473737669322496273241927923734689595679023944951308288747481118948525584668094616846874294218264 0 0 0 0 0 0 0 0 0 0 0 0 0 0 0 0 0 0 0 0 0 0 1 0 0 0 0 0 0 0 0 0 0 0 0 0 0 0 0 0 0 0 0 0 0 0 0 0 0 0 0 0 0 0 0 0 0 0 0 0 0 0 0]
[1676216875873500856854425760375162397598984594531380429642887932794039993657831412324065949412221029825751909960766501549387797106574437623760391275220795087803090065405700424586701040550182906 0 0 0 0 0 0 0 0 0 0 0 0 0 0 0 0 0 0 0 0 0 0 0 1 0 0 0 0 0 0 0 0 0 0 0 0 0 0 0 0 0 0 0 0 0 0 0 0 0 0 0 0 0 0 0 0 0 0 0 0 0 0 0]
[1890479412427144301170476732026064313665631118711675020251267342181027428914084804893231012013752815795149777183618530595348033671121223238723256361792732699746256670478889480935771959307041258 0 0 0 0 0 0 0 0 0 0 0 0 0 0 0 0 0 0 0 0 0 0 0 0 1 0 0 0 0 0 0 0 0 0 0 0 0 0 0 0 0 0 0 0 0 0 0 0 0 0 0 0 0 0 0 0 0 0 0 0 0 0 0]
[1949586014132202374285483793522667646441789695255978690422453864484440381183932022999690056998188227260063151775801732941462468698009664551719413972637507790156357162079498493083088470113256517 0 0 0 0 0 0 0 0 0 0 0 0 0 0 0 0 0 0 0 0 0 0 0 0 0 1 0 0 0 0 0 0 0 0 0 0 0 0 0 0 0 0 0 0 0 0 0 0 0 0 0 0 0 0 0 0 0 0 0 0 0 0 0]
[2875593296015187904941381733442890489260124531075018375512053207423234666048434618074277871890155361416195114663951046385083497816357625884377543754140885208596874403031373786590761044522435279 0 0 0 0 0 0 0 0 0 0 0 0 0 0 0 0 0 0 0 0 0 0 0 0 0 0 1 0 0 0 0 0 0 0 0 0 0 0 0 0 0 0 0 0 0 0 0 0 0 0 0 0 0 0 0 0 0 0 0 0 0 0 0]
[3860211670853890376071248154634816705372039043378890328237305944301723571734289801908519239618890192893338779972701907111743620098251000096360167893141233636118286082871846127557509832673231308 0 0 0 0 0 0 0 0 0 0 0 0 0 0 0 0 0 0 0 0 0 0 0 0 0 0 0 1 0 0 0 0 0 0 0 0 0 0 0 0 0 0 0 0 0 0 0 0 0 0 0 0 0 0 0 0 0 0 0 0 0 0 0]
[792268101793578327870178236570821821940442882551453725375913780478395479649688581184081015646809211483759723063329583322017672407202907633449219098459840164373844563489220413590736092068964 0 0 0 0 0 0 0 0 0 0 0 0 0 0 0 0 0 0 0 0 0 0 0 0 0 0 0 0 1 0 0 0 0 0 0 0 0 0 0 0 0 0 0 0 0 0 0 0 0 0 0 0 0 0 0 0 0 0 0 0 0 0 0]
[134603579579743432789198878594188848166088879423766191446617856595571288107529787965126633318241817148736784656230518610463507145180770453127551375994661274957227590169655297014342723964566131 0 0 0 0 0 0 0 0 0 0 0 0 0 0 0 0 0 0 0 0 0 0 0 0 0 0 0 0 0 1 0 0 0 0 0 0 0 0 0 0 0 0 0 0 0 0 0 0 0 0 0 0 0 0 0 0 0 0 0 0 0 0 0]
[1489842246411862069801127673497677007902603087313402042529102486657006360477505669017726591398084419123823961276631352375680759383291738544637231179322738356339715036140785285927017883235577051 0 0 0 0 0 0 0 0 0 0 0 0 0 0 0 0 0 0 0 0 0 0 0 0 0 0 0 0 0 0 1 0 0 0 0 0 0 0 0 0 0 0 0 0 0 0 0 0 0 0 0 0 0 0 0 0 0 0 0 0 0 0 0]
[621927430765181683704966023461983291926867943289837713052515663056213915186903562586550209959887245284220350612291832989214848686256794530368007896168363293947997330072245630687741620427158534 0 0 0 0 0 0 0 0 0 0 0 0 0 0 0 0 0 0 0 0 0 0 0 0 0 0 0 0 0 0 0 1 0 0 0 0 0 0 0 0 0 0 0 0 0 0 0 0 0 0 0 0 0 0 0 0 0 0 0 0 0 0 0]
[3910087274948307485495733667898801086414584132315143929171884067830047112561490796067336477955832659517813599197581840892425365023197749902887722653289218774009121096183850575243426836104117218 0 0 0 0 0 0 0 0 0 0 0 0 0 0 0 0 0 0 0 0 0 0 0 0 0 0 0 0 0 0 0 0 1 0 0 0 0 0 0 0 0 0 0 0 0 0 0 0 0 0 0 0 0 0 0 0 0 0 0 0 0 0 0]
[1591902889373582096525424494447704277070309095348319040398729680419568287818706293590042827374371996443125350096100038572127709064121952915741563233528013205806457286687963376087401156949268751 0 0 0 0 0 0 0 0 0 0 0 0 0 0 0 0 0 0 0 0 0 0 0 0 0 0 0 0 0 0 0 0 0 1 0 0 0 0 0 0 0 0 0 0 0 0 0 0 0 0 0 0 0 0 0 0 0 0 0 0 0 0 0]
[3771416182589641867105129117007609216046088672123393269769821085409502530722414146573670479070670630079973068946175565816165089723024831544378570017825767345997137571913877879045218003739397811 0 0 0 0 0 0 0 0 0 0 0 0 0 0 0 0 0 0 0 0 0 0 0 0 0 0 0 0 0 0 0 0 0 0 1 0 0 0 0 0 0 0 0 0 0 0 0 0 0 0 0 0 0 0 0 0 0 0 0 0 0 0 0]
[221964380591199511491223880851187454919295445737771199966314942406108984089316143077861349751161681880934125216298803934320784970355913828830195006096297835827851454649951899225353624845539820 0 0 0 0 0 0 0 0 0 0 0 0 0 0 0 0 0 0 0 0 0 0 0 0 0 0 0 0 0 0 0 0 0 0 0 1 0 0 0 0 0 0 0 0 0 0 0 0 0 0 0 0 0 0 0 0 0 0 0 0 0 0 0]
[634725734430865523910498413229915120460851502868995159638686474750469263725038135358694127664588055393328053021381607082123479406613244971537677813994670117164522803359990556724091692843448481 0 0 0 0 0 0 0 0 0 0 0 0 0 0 0 0 0 0 0 0 0 0 0 0 0 0 0 0 0 0 0 0 0 0 0 0 1 0 0 0 0 0 0 0 0 0 0 0 0 0 0 0 0 0 0 0 0 0 0 0 0 0 0]
[3259913571738020198236200689630305426377105031393967218299366564556766860408551609378092301064441293799447011412758244511451218232667930379190163613734486630417240654807522640441270426257331438 0 0 0 0 0 0 0 0 0 0 0 0 0 0 0 0 0 0 0 0 0 0 0 0 0 0 0 0 0 0 0 0 0 0 0 0 0 1 0 0 0 0 0 0 0 0 0 0 0 0 0 0 0 0 0 0 0 0 0 0 0 0 0]
[3244216963149157035958972847842725786976222968285711389145173788337377124180036734470451324382113670163258733453924441278356763339691941615486361207106109728375830576465466329604117787223642862 0 0 0 0 0 0 0 0 0 0 0 0 0 0 0 0 0 0 0 0 0 0 0 0 0 0 0 0 0 0 0 0 0 0 0 0 0 0 1 0 0 0 0 0 0 0 0 0 0 0 0 0 0 0 0 0 0 0 0 0 0 0 0]
[3582269516165830192225560130465407366839993752964993169080742549485531626139312385625161944277913421196130117646141001558735271582965322122923410858416822540140357158562531631095127364739002933 0 0 0 0 0 0 0 0 0 0 0 0 0 0 0 0 0 0 0 0 0 0 0 0 0 0 0 0 0 0 0 0 0 0 0 0 0 0 0 1 0 0 0 0 0 0 0 0 0 0 0 0 0 0 0 0 0 0 0 0 0 0 0]
[3978381828288883193532433330718622853554509691631607928103490118216995080742275869143249730230528604882842978020946192634341050045719452925522829955371128127604649165366803582674729921176938905 0 0 0 0 0 0 0 0 0 0 0 0 0 0 0 0 0 0 0 0 0 0 0 0 0 0 0 0 0 0 0 0 0 0 0 0 0 0 0 0 1 0 0 0 0 0 0 0 0 0 0 0 0 0 0 0 0 0 0 0 0 0 0]
[2706326325881619020555650441821262683645710944023813334567109699123185460400258053137467350958955135532084865324049339745508282718088277983618948127643377564621845744578905121725030680281479950 0 0 0 0 0 0 0 0 0 0 0 0 0 0 0 0 0 0 0 0 0 0 0 0 0 0 0 0 0 0 0 0 0 0 0 0 0 0 0 0 0 1 0 0 0 0 0 0 0 0 0 0 0 0 0 0 0 0 0 0 0 0 0]
[2510839568734444344603829038090003860962077840802876393162418800323280731021932107625713306663797753194141439455070435628774313082358149280641578996687756244735798827817668008318305895204404152 0 0 0 0 0 0 0 0 0 0 0 0 0 0 0 0 0 0 0 0 0 0 0 0 0 0 0 0 0 0 0 0 0 0 0 0 0 0 0 0 0 0 1 0 0 0 0 0 0 0 0 0 0 0 0 0 0 0 0 0 0 0 0]
[3546898092778923460194258261080199248832686381879499477090877570275558748268812109228767256932251777598824390180841483684738021037489548792339732426545623038810244777874985960023908245230791176 0 0 0 0 0 0 0 0 0 0 0 0 0 0 0 0 0 0 0 0 0 0 0 0 0 0 0 0 0 0 0 0 0 0 0 0 0 0 0 0 0 0 0 1 0 0 0 0 0 0 0 0 0 0 0 0 0 0 0 0 0 0 0]
[144937624288651067591483404754996068631368758822031736315891468590784954298144790524373139820288432495768051830050952360850707309215330863197742164496652347321182246504919676634287111980535824 0 0 0 0 0 0 0 0 0 0 0 0 0 0 0 0 0 0 0 0 0 0 0 0 0 0 0 0 0 0 0 0 0 0 0 0 0 0 0 0 0 0 0 0 1 0 0 0 0 0 0 0 0 0 0 0 0 0 0 0 0 0 0]
[293561190517362278585342425126898875590825043343595806554941184195968954089165530947517114418522553571510804894639177539706628754623602884625296838880065697002172337676668603198593093870102877 0 0 0 0 0 0 0 0 0 0 0 0 0 0 0 0 0 0 0 0 0 0 0 0 0 0 0 0 0 0 0 0 0 0 0 0 0 0 0 0 0 0 0 0 0 1 0 0 0 0 0 0 0 0 0 0 0 0 0 0 0 0 0]
[441408461675200344268479656537000119238164798153013941685948777632724086773588015913417988209089793967635882026518256194820372226405884858031829760641567875183028892099377293543103464913213718 0 0 0 0 0 0 0 0 0 0 0 0 0 0 0 0 0 0 0 0 0 0 0 0 0 0 0 0 0 0 0 0 0 0 0 0 0 0 0 0 0 0 0 0 0 0 1 0 0 0 0 0 0 0 0 0 0 0 0 0 0 0 0]
[3091973984049930342303324994772332373167134765788993249314450307335915866602895516709644265109199524293131886681497487817919962296476512851857594250125444136341514607848941785484436445274366031 0 0 0 0 0 0 0 0 0 0 0 0 0 0 0 0 0 0 0 0 0 0 0 0 0 0 0 0 0 0 0 0 0 0 0 0 0 0 0 0 0 0 0 0 0 0 0 1 0 0 0 0 0 0 0 0 0 0 0 0 0 0 0]
[1118901504569786794871103050053684200574277130028038495310107705180417694102213644292314234099343041442437428813797040477408683827105968421980849623627162490807997541504455194839936750233765456 0 0 0 0 0 0 0 0 0 0 0 0 0 0 0 0 0 0 0 0 0 0 0 0 0 0 0 0 0 0 0 0 0 0 0 0 0 0 0 0 0 0 0 0 0 0 0 0 1 0 0 0 0 0 0 0 0 0 0 0 0 0 0]
[2923136885086748822827802620756096668002509778096103355183495960161193310274159509112938476835179351610379934002025415867020898198698754835239055734276767726537475473894277398026172489265898382 0 0 0 0 0 0 0 0 0 0 0 0 0 0 0 0 0 0 0 0 0 0 0 0 0 0 0 0 0 0 0 0 0 0 0 0 0 0 0 0 0 0 0 0 0 0 0 0 0 1 0 0 0 0 0 0 0 0 0 0 0 0 0]
[334726715850074219359624582150269652143053250999218035335298370404357959547365182378024936183868661675497781551978025528265580612528976258359937465494501453102074580399982512320616705812867450 0 0 0 0 0 0 0 0 0 0 0 0 0 0 0 0 0 0 0 0 0 0 0 0 0 0 0 0 0 0 0 0 0 0 0 0 0 0 0 0 0 0 0 0 0 0 0 0 0 0 1 0 0 0 0 0 0 0 0 0 0 0 0]
[1657899534917235576508206982291795123192979681717101418728004148447621244861735406431055514000755055233880134857741031451171334719884502218032718899188036795022905790134535792897446963947311633 0 0 0 0 0 0 0 0 0 0 0 0 0 0 0 0 0 0 0 0 0 0 0 0 0 0 0 0 0 0 0 0 0 0 0 0 0 0 0 0 0 0 0 0 0 0 0 0 0 0 0 1 0 0 0 0 0 0 0 0 0 0 0]
[1101128993168827227130293165268601870570824009646201779028590432048028176668757594380489139982592205595462244523214815864523234149022195959232430929614420013151723931743473099339173991641173968 0 0 0 0 0 0 0 0 0 0 0 0 0 0 0 0 0 0 0 0 0 0 0 0 0 0 0 0 0 0 0 0 0 0 0 0 0 0 0 0 0 0 0 0 0 0 0 0 0 0 0 0 1 0 0 0 0 0 0 0 0 0 0]
[1145465568118242789153068147587121766639681407824701160208188510350014025654664128175419835063572867420169503932928859321189734423906369705420247117696264424960473213510698292965880399007003378 0 0 0 0 0 0 0 0 0 0 0 0 0 0 0 0 0 0 0 0 0 0 0 0 0 0 0 0 0 0 0 0 0 0 0 0 0 0 0 0 0 0 0 0 0 0 0 0 0 0 0 0 0 1 0 0 0 0 0 0 0 0 0]
[3888018697939798076036197608957846515063470680453502536957871961688016472376942540360058535945308385563798989258344618571181208106302105121698629238018763641253760744634546542279634446704897537 0 0 0 0 0 0 0 0 0 0 0 0 0 0 0 0 0 0 0 0 0 0 0 0 0 0 0 0 0 0 0 0 0 0 0 0 0 0 0 0 0 0 0 0 0 0 0 0 0 0 0 0 0 0 1 0 0 0 0 0 0 0 0]
[1374926551630528514665181349842009448031542092709820310171253066701596845191870431110622890200370318579147269247849878900558631968084688697335916842931663025193119555681138229962059908676605101 0 0 0 0 0 0 0 0 0 0 0 0 0 0 0 0 0 0 0 0 0 0 0 0 0 0 0 0 0 0 0 0 0 0 0 0 0 0 0 0 0 0 0 0 0 0 0 0 0 0 0 0 0 0 0 1 0 0 0 0 0 0 0]
[3086877741847743772047747204284935645670504959375406721130364013916993933470784142880190992327051005863566755281789676905756595206617541755494563067233983267037817862081688390368013508027902277 0 0 0 0 0 0 0 0 0 0 0 0 0 0 0 0 0 0 0 0 0 0 0 0 0 0 0 0 0 0 0 0 0 0 0 0 0 0 0 0 0 0 0 0 0 0 0 0 0 0 0 0 0 0 0 0 1 0 0 0 0 0 0]
[3369660850299893834763231959860725157402523275289661027896632198612695022665396274014980002078732619103949289838009589710638904523713471858144306065038756634897048413762133641885654582998427439 0 0 0 0 0 0 0 0 0 0 0 0 0 0 0 0 0 0 0 0 0 0 0 0 0 0 0 0 0 0 0 0 0 0 0 0 0 0 0 0 0 0 0 0 0 0 0 0 0 0 0 0 0 0 0 0 0 1 0 0 0 0 0]
[745431872727310937801229482785721300153851917240157620135221644712677381841722537743724496535850617047906904672226339861572168741074631770007859692864979900963022526516668966484124628099174839 0 0 0 0 0 0 0 0 0 0 0 0 0 0 0 0 0 0 0 0 0 0 0 0 0 0 0 0 0 0 0 0 0 0 0 0 0 0 0 0 0 0 0 0 0 0 0 0 0 0 0 0 0 0 0 0 0 0 1 0 0 0 0]
[754642603455787718955090682308827484928478126796864310336613827401482803592929094439126463033272101533698458142305549722806811537281537369927110806626342334717282352114934592515373479751102449 0 0 0 0 0 0 0 0 0 0 0 0 0 0 0 0 0 0 0 0 0 0 0 0 0 0 0 0 0 0 0 0 0 0 0 0 0 0 0 0 0 0 0 0 0 0 0 0 0 0 0 0 0 0 0 0 0 0 0 1 0 0 0]
[2874780020989345595390600909209098203524530492061770703000429234528223220059088607320026369350533082293165526770297090807878611234066617642691518063699206722920019102780168149384120195263922689 0 0 0 0 0 0 0 0 0 0 0 0 0 0 0 0 0 0 0 0 0 0 0 0 0 0 0 0 0 0 0 0 0 0 0 0 0 0 0 0 0 0 0 0 0 0 0 0 0 0 0 0 0 0 0 0 0 0 0 0 1 0 0]
[527732087619002456680187105160223616803354723022357986502564072557279626416658151491783681048410181897362562759545761689947600395438598166042963602768590452951553564730459332328903805033861547 0 0 0 0 0 0 0 0 0 0 0 0 0 0 0 0 0 0 0 0 0 0 0 0 0 0 0 0 0 0 0 0 0 0 0 0 0 0 0 0 0 0 0 0 0 0 0 0 0 0 0 0 0 0 0 0 0 0 0 0 0 1 0]
[1974676922108415632516794783912075599510917560728826240508321691405298092666605554407422131273689343363622891894371746199635433864551675960649686675983136353514116066648279720351158753811439600 0 0 0 0 0 0 0 0 0 0 0 0 0 0 0 0 0 0 0 0 0 0 0 0 0 0 0 0 0 0 0 0 0 0 0 0 0 0 0 0 0 0 0 0 0 0 0 0 0 0 0 0 0 0 0 0 0 0 0 0 0 0 1]
]
64 128 88
[1 0 0 0 0 0 0 0 0 0 0 0 0 0 0 0 0 0 0 0 0 0 0 0 0 0 0 0 0 0 0 0 0 0 0 0 0 0 0 0 0 0 0 0 0 0 0 0 0 0 0 0 0 0 0 0 0 0 0 0 0 0 0 0 1]
